#OTU ID	SRR14065308	SRR14065340	SRR14065341	SRR14065392	SRR14065395	SRR14065400	SRR14065406	SRR14065408	SRR14065413	SRR14065418	SRR14065429	SRR14065444	SRR14065495	SRR14065520	SRR14065527	SRR14065559	SRR14065561	SRR14065565	SRR14065566	SRR14065606	SRR14065629	SRR14065676	SRR14065680	SRR14065689	SRR14065714	SRR14065724	SRR14065760	SRR14065764	SRR14065780	SRR14065800	SRR14065801	SRR14065802	SRR14065805	SRR14065812	SRR14065820	SRR14065848	SRR14065866	SRR14065871	SRR14065884	SRR14065898	SRR14065911	SRR14065914
004d7c658c9766fdf29a8af3d5fb1c86	0	0	2	0	0	0	0	0	0	0	0	0	0	0	1	0	0	0	0	0	0	0	0	0	0	0	0	0	0	0	0	0	0	0	0	0	0	0	1	0	0	0
0071ef14fbfad85046d411896a863c01	4	1	455	1	1	70	87	278	0	111	0	88	1	199	229	65	67	48	0	141	1	0	49	76	24	232	4	0	7	71	56	0	160	64	215	0	138	180	11	0	0	0
00786f1fa47b70714a3bbc235cb4bb34	0	0	0	0	0	0	0	0	0	0	0	0	0	0	0	0	0	0	0	0	0	0	0	0	0	0	0	1	0	0	0	0	0	0	0	0	0	0	0	0	0	0
00b74d2891ff90170e02cf9e8d470931	0	0	0	0	0	0	0	0	0	0	0	0	1	0	0	0	0	0	0	0	0	0	0	1	0	0	0	2	0	6	0	0	0	0	0	0	0	0	0	0	0	0
011aa2391ac0fabdc63f0faf35ac0b45	0	0	0	0	0	0	0	1	0	0	0	0	0	0	1	0	0	0	0	0	6	0	0	0	0	1	0	0	0	0	0	0	1	0	0	1	0	0	0	0	0	0
013c9572acd23147882de9ecf16ec092	0	3	5	27	0	0	0	6	0	0	0	98	0	141	276	4	12	7	95	0	163	0	17	0	1	248	0	0	0	3	25	281	3	1	60	0	18	0	0	0	0	0
01902389aca39c047eb2e1d703a8beb1	0	0	0	0	0	0	0	0	0	0	0	0	0	0	0	0	0	0	0	0	0	0	0	0	0	0	0	2	0	0	0	0	0	0	0	0	0	0	0	1	0	0
01bead049527e2fdead7442e4cbccfc3	0	0	0	0	0	0	0	0	0	0	0	0	0	0	0	0	0	0	0	0	0	0	0	0	0	0	0	2	0	0	0	0	0	0	0	0	0	0	0	0	0	0
01c7f788503e9b69650798fc4e09a752	2	0	0	0	10	0	0	0	0	0	0	0	0	0	0	0	0	0	0	0	0	0	0	0	0	0	2	0	0	0	0	0	0	0	0	0	0	0	3	1	0	4
028fefbeb9afee5cf35192a3682dbc05	0	0	0	4	0	1	0	0	0	0	0	4	0	0	0	1	1	1	0	0	10	0	1	0	0	30	0	0	0	4	0	0	9	1	1	0	0	0	0	0	0	0
02a034c2326f880c59737bb7fc861d6a	1	0	0	0	0	0	0	3	0	0	0	0	0	1	0	0	0	0	0	0	0	0	0	0	0	0	0	0	0	0	0	0	0	0	0	1	0	0	19	0	0	2
0310d4e31293d4f2724e84da75794775	0	0	0	0	0	0	0	0	0	0	0	0	0	0	0	0	0	0	0	0	0	0	0	0	0	0	0	0	0	0	0	0	0	0	0	1	0	0	0	0	0	0
03180130325e3a2120a8effe3365c2b1	2	179	728	0	0	3	24	3	0	115	39	49	104	2	218	2	4	0	52	31	13	0	3	6	0	11	0	0	0	0	1	119	13	2	0	1	39	81	264	10	0	0
0358a4e8d1b0263f8b708436fd5dca61	0	0	461	0	0	15	2	79	0	21	109	54	0	16	348	4	61	16	243	51	27	0	106	0	0	47	0	0	1	0	28	111	112	34	4	0	54	23	75	0	0	0
044837fbd9c689b5131b7e5a9901d62b	0	0	0	0	0	0	0	0	0	0	0	0	0	0	0	0	0	0	0	0	0	0	0	0	0	0	0	0	0	0	0	0	0	0	0	0	0	0	1	0	0	0
044b70021b61a852e1992cdf61c77148	0	0	0	0	0	0	0	0	0	0	0	0	1	0	0	0	0	0	0	0	0	0	0	0	0	0	0	0	0	0	0	0	0	0	0	0	0	0	0	0	0	0
044c3219916fc09b0f2b58bed0c5c8c1	0	0	0	0	0	0	0	1	0	0	0	0	0	0	0	0	0	0	0	0	0	0	0	6	0	0	0	0	17	0	2	0	0	0	0	0	0	0	0	0	0	0
0491d60f93cf793d9de07ae6ae7764a1	0	0	0	0	0	0	0	0	0	0	0	0	0	0	0	0	0	0	0	0	0	0	0	0	0	0	0	0	0	0	0	0	0	0	0	16	0	0	0	0	4	0
04aebadda2a53017d63d227303457a6d	4	10	0	0	0	0	0	0	1	0	0	0	1	1	0	0	0	0	0	0	0	3	0	0	0	0	0	0	1	0	0	0	0	0	0	0	0	0	10	40	1	11
04b1aac5bac24932e9639df60f2937d8	0	0	0	0	0	0	0	0	0	0	0	0	0	0	0	0	0	0	0	0	0	0	0	0	0	0	8	0	0	0	0	0	0	0	0	0	0	0	0	0	0	0
05e05e7af62fc92a0675a51043437c23	0	8	98	0	1	1	5	2	0	58	6	161	3	0	167	36	0	3	68	19	22	0	3	0	0	124	0	0	0	0	1	69	2	1	0	12	4	64	22	3	0	0
0617473f33fd3ab42aea04e0e9e7340d	0	43	0	0	0	0	3	48	0	0	0	0	343	0	0	0	0	0	0	0	0	0	0	0	0	0	0	0	0	0	0	0	0	0	0	0	0	0	0	0	0	0
067162c2092229e7fe952ee889969d30	0	0	0	6	0	1	0	0	0	0	0	2	0	1	0	0	0	0	0	0	5	0	0	0	0	2	0	0	0	0	0	0	0	0	0	0	0	0	0	0	0	0
078f29da0ba066ab75728f10dc1b44ae	15432	2568	1	0	12422	0	1	0	11	0	1	1	910	0	3	0	1	0	0	0	21	411	0	2	0	0	0	0	2	1	0	1	0	0	1	75440	1	0	485	728	24	6101
07d17dec5406a909e3e777919a0b1db0	0	0	0	0	0	0	0	0	0	0	0	0	0	0	4	0	0	0	0	0	0	0	0	0	0	2	0	0	0	0	0	0	2	0	0	0	0	0	0	0	0	0
08af75dd89398bd6c309b28e3804ec2e	0	982	0	1	0	1	189	99	0	0	0	0	0	1	0	0	0	23	0	68	1	0	0	0	0	0	0	0	0	0	0	0	93	1	0	0	1	664	0	0	0	0
09187ec3eeddc7108d35b2b52bb84531	0	0	0	0	0	0	0	0	0	0	0	0	0	0	0	0	0	0	0	0	0	0	0	0	0	1	0	0	0	0	0	1	0	0	0	0	0	0	0	0	0	0
09e757a82b16f3a776ee7160be2e6f7f	1206	644	2865	1082	3	768	46	135	209	483	4991	328	123	4122	3238	1431	430	10	1822	532	1749	2	1694	7	1963	1471	0	4	0	212	2743	1442	145	1053	1492	3	2461	55	0	10	7390	2
09fd854cefd2422ba5f2f2d6393d51f2	0	0	0	0	0	0	0	0	0	0	0	1	44	0	0	0	0	0	0	0	0	0	0	0	0	0	0	0	0	0	0	0	1	0	0	0	0	0	0	0	0	0
0a2c8062d4fb9ed269c900afc0db14b1	0	0	1590	846	0	53	524	227	0	295	0	254	2	1121	345	286	457	14	227	127	983	0	956	0	1	1206	0	0	0	150	542	4	363	495	418	0	614	267	0	0	0	0
0a34c46263f865dcca8ac971a3d67f7e	0	0	0	0	1	0	0	0	0	0	5	0	2	0	0	0	0	0	0	0	0	0	0	0	0	0	0	0	0	0	0	0	0	0	0	0	0	0	0	0	0	0
0b4d1957b63754cb79bf91bff43a973d	0	1	0	0	0	0	0	0	0	0	0	0	0	0	0	0	0	0	0	0	0	0	0	0	0	0	0	0	0	0	0	0	0	0	0	0	0	0	0	0	0	9
0b86245e284854643c6bdfb6375e2c4a	0	17	136	2	0	0	0	1	0	31	4	19	7	1	79	0	0	0	12	4	2	0	1	1	0	8	0	0	1	0	0	28	3	1	0	1	7	8	39	6	0	0
0bb4770ceb36b4350c3e7080c2d42d2d	0	3	3	0	0	0	3	7	0	0	4	0	0	2	0	0	1	0	0	0	0	2	3	1	0	0	0	7	1	0	1	0	1	0	1	0	4	0	8	5	0	0
0bccffceae38132dc1c04799b491958b	0	0	0	0	0	0	0	0	0	0	0	0	0	0	0	0	0	0	0	0	0	0	0	0	0	0	0	0	0	0	0	0	0	0	0	123	0	0	0	0	0	3
0c3ebbbf37cc64262202ddce88470548	0	0	0	0	0	0	0	0	0	0	0	0	0	0	0	0	0	0	0	2	0	0	0	0	0	0	0	0	0	0	0	0	0	0	0	0	0	0	0	0	0	0
0c53945d1b1e48f9030d2cf4c0f1dec4	0	1	0	0	0	0	0	0	0	0	0	0	0	0	0	0	0	0	0	0	0	0	0	0	0	0	0	0	0	0	0	0	0	0	0	1	0	0	0	0	0	0
0db132019fc2e14c6158ea3dc56ef761	39	1	345	49	1	40	1	15	7	89	139	7	0	383	97	43	224	4	1594	72	61	0	117	142	148	83	1	0	129	8	472	1421	26	5	54	113	143	4	4	0	37	2
0db80763d08eb95f6bc0a040a8ebeae0	0	0	0	0	0	0	0	0	0	0	0	0	2	0	0	0	0	0	0	0	0	0	0	0	0	0	0	2	0	0	0	0	0	0	0	1	0	0	0	0	0	0
0e93d24a367e66b5ae764a069374abbf	7	6	13	1	18	4	28	10	10	3	2	0	28	5	3	1	0	0	0	1	1	99	5	43	1	6	77	105	1	0	14	0	7	11	14	29	5	5	11	198	4	329
0eb783e53ae300b07a9631565db8b196	8	66	7	7	0	8	1	4	0	4	3	4	18	20	20	13	1	0	21	1	5	0	14	1	6	103	0	0	0	5	19	9	2	28	22	0	9	5	0	0	19	0
0ed17b02eef449aa6e4e581a79d0932c	0	8	2	2	0	1	0	9	0	0	0	8	7	2	2	0	0	0	4	2	2	0	0	0	0	13	0	0	0	0	0	6	14	8	1	0	3	4	3	0	0	0
0ee59d9fbe6e06a9026cabc82a5d84cc	0	0	0	0	0	0	0	0	0	0	0	0	0	0	0	0	0	0	0	0	0	0	0	0	0	0	0	0	0	0	0	0	0	0	0	2	0	0	0	0	0	0
0f20b73884419c9a49fc5623be77c09d	0	0	0	0	0	0	0	0	0	0	0	0	2	0	0	0	0	0	0	0	0	4	0	1	0	0	0	1	0	0	0	0	0	0	0	0	0	0	0	1	0	29
0f9fc3249ba4c06993e41853db5a96f7	0	0	0	0	0	0	0	0	0	0	0	0	0	0	0	0	0	0	0	0	0	0	0	0	0	0	0	0	0	1	0	0	0	0	0	0	0	0	0	0	0	0
0fc0d02136637ce93e4180f112f56955	210	118	8	0	17	1	0	0	1	4	1	11	927	0	3	0	0	0	0	0	0	10	0	2274	46	0	0	0	125	0	0	0	129	6	1	0	0	0	34	3490	207	121
10a2fa2b4a929051283ce9462a81f446	433	639	295	0	888	2	68	3	1	209	322	0	216	1	41	1	0	1	0	1	8	9052	432	29	22	54	3524	46	17	0	12	0	3	15	20	5196	1	57	8752	1734	1135	893
10a39234c451fc31fbdab4856a699258	2	3	6466	1902	0	504	3169	593	4	860	1	1157	1	3630	441	877	822	93	492	341	3828	2	3739	1	3	2126	1	0	0	698	2196	650	1380	1390	2322	0	2268	5910	1	2	0	0
111654cfbcd802670052ea0ea3eabbd4	0	0	0	0	0	0	0	0	0	0	0	1	5	0	1	0	0	0	1	0	0	0	0	0	0	0	0	0	0	0	0	3	0	0	0	0	0	0	0	0	0	0
111df4331c47f9bbdadbd0abc74a9e47	676	33	6331	1495	2	24338	349	3205	554	6139	36716	1480	13	6945	6152	8106	1558	1155	11187	1540	3493	4	2687	5218	1249	2992	3	14	27697	3611	7955	8628	2601	592	10150	24263	877	219	460	11	10339	4
1231f49abb19bbcbbad767795a2709db	268	29	476	68	1	15	188	858	34	52	1072	98	578	236	21	275	411	33	122	41	735	133	4174	46	5	64	246	559	18	34	682	18	319	409	242	232	363	103	260	202	33	734
12e832e44d6a3e7fca86a1f2672f2449	0	0	0	0	0	0	0	0	0	0	0	0	1	0	0	0	0	0	0	0	0	0	0	0	0	0	0	0	0	0	0	0	0	0	0	0	0	0	0	0	0	0
12ea26209cdca83bafa8d9815702c983	0	0	0	0	0	0	0	0	0	0	0	0	0	0	0	0	0	0	0	0	1	0	0	0	0	0	0	0	0	0	0	0	0	0	0	0	0	0	0	0	0	0
155a0e52e17a1bd8e097e2cc9142906f	0	0	0	0	0	0	0	0	0	0	0	0	0	0	0	0	0	0	0	0	0	0	0	0	0	0	0	0	0	0	0	0	0	0	0	44	0	0	0	0	0	0
1585b9e0ca445b4023e4b0a04f997454	1	0	0	0	0	0	0	0	0	0	2	1	2	0	0	0	0	0	0	0	0	0	0	0	0	0	0	0	0	0	0	0	0	0	0	0	0	0	0	0	0	0
15a2b62e2710fddcc3916a2a05e73bf4	0	0	0	0	0	0	0	0	0	0	0	0	5	0	0	0	0	0	0	0	0	0	0	0	0	0	0	0	0	0	0	0	0	0	0	0	0	0	0	0	0	0
16a11bb97522854ea5a1d77118fd8a83	0	0	0	0	9	0	0	0	0	0	0	0	0	0	0	0	0	0	0	0	0	0	0	0	0	0	0	0	0	0	0	0	0	0	0	1	0	0	0	0	0	0
16a22989439ba653bc6b950f6f663664	0	0	0	0	0	0	0	0	0	0	0	0	0	0	0	0	0	0	0	0	0	0	0	0	0	0	0	0	0	0	0	0	0	0	0	0	0	0	0	0	1	0
16bb09b3d50591f33abc37ba2a0e1d10	0	0	5	11	0	0	1	0	0	0	0	8	0	4	4	4	0	0	3	0	20	0	1	0	0	8	0	0	0	1	1	0	0	1	0	0	1	0	0	0	0	0
16fe3ae06eb1f31c97a341a643e61ada	1	20	0	0	0	0	0	0	0	0	0	0	1	0	0	0	0	0	0	0	0	0	0	0	0	0	0	0	0	0	0	0	0	0	0	0	0	0	0	19	0	0
1710f13c1e0b7188f13ce3f4ceee4c01	0	0	0	0	1	0	0	0	0	0	0	0	0	0	0	0	0	0	0	0	0	0	0	0	0	0	0	0	0	0	0	0	0	0	0	0	0	0	0	0	0	0
1760812f89ade27da503a7d33f903f11	10	0	0	0	0	0	0	1	0	0	0	0	3	0	0	0	0	0	0	0	0	0	0	145	2	0	0	0	0	0	0	0	0	0	0	0	0	0	1	64	3	2
17e994face6cbb8df85e9620f2422117	0	1	1	116	0	1	92	0	0	22	0	6	1009	663	15	0	1012	0	251	21	245	2565	0	18	2	5	0	0	0	0	171	115	2	42	1	0	0	108	0	14	6	0
189ba5770f1d17a8077f3b861ca9581b	0	0	0	0	0	0	0	0	0	0	0	0	0	0	0	0	0	0	0	0	0	0	0	0	0	0	0	0	0	0	0	0	0	0	0	0	0	0	1	1	0	0
198bdbdc91dcecab92f812c764c142fb	0	0	0	0	0	0	0	0	0	0	0	0	0	0	0	0	0	0	0	0	0	0	0	0	0	0	0	0	0	0	0	0	0	0	0	5	0	0	0	0	0	0
199c401832167143dcaba91ccd7fddb7	0	0	0	0	0	1	0	4	0	0	0	0	0	2	0	0	0	0	0	2	0	9	2	0	0	0	0	4	0	0	0	0	4	8	0	2	0	0	0	0	0	0
19c529c72bd56d16684ff458938e877d	0	0	1	0	0	0	0	0	0	0	0	0	0	0	0	0	0	0	1	0	0	0	0	0	0	0	0	0	0	0	0	0	0	0	0	0	0	0	0	1	0	0
19f42f51b0a6000fefa1b8d743b2beff	0	0	0	0	0	0	0	0	0	0	0	0	1	0	0	0	0	0	0	0	0	0	0	0	0	0	0	0	0	0	0	0	0	0	0	0	0	0	0	1	0	0
1a933f9e6a0d9df2badc1d5177f510b2	0	0	0	0	0	1	0	35	0	0	0	1	0	0	0	0	1	0	0	0	1	0	0	0	0	1	0	0	0	0	0	0	0	0	0	0	0	0	0	0	0	0
1ac17d2d107f068416b7024ba3a59272	0	0	0	0	1	0	0	0	0	0	0	0	0	0	0	0	0	0	0	0	0	0	0	0	0	0	0	0	0	0	0	0	0	0	0	0	0	0	0	0	0	0
1ad4ba20218ced7bd629e308f7d7eaaf	1901	0	40	26	4076	10	7	0	53	32	1404	63	21	71	52	4	97	0	27	6	81	0	43	186	27	45	4584	0	202	22	285	52	3	71	23	2	42	0	317	503	605	1
1b1e697bcd0ee2ec29930c20418c472f	0	0	0	0	0	2	0	0	0	0	0	0	0	0	0	0	0	0	0	0	0	0	0	0	0	0	0	0	0	0	0	0	0	0	2	0	0	0	0	0	0	0
1b8a85482869f24cadc23c9312af8fde	0	0	0	0	0	0	0	0	0	0	0	0	0	0	0	0	0	0	0	0	0	0	0	1	0	0	0	0	0	0	0	0	0	0	0	0	0	0	0	2	1	0
1c48d5da27b55dfead062ec61b3d04d8	0	0	0	0	0	0	0	0	0	0	0	0	0	0	0	0	0	0	0	0	0	0	0	0	0	0	0	1	0	0	0	0	0	0	0	0	0	0	0	0	0	0
1c4ffa0febb33f543b28b39e35684604	0	0	0	0	0	0	0	3	0	0	0	0	0	0	0	1	0	0	0	0	0	0	2	0	0	0	2	3	0	0	0	0	0	0	0	0	0	1	0	0	0	0
1c74ed6304100316c983a4cf0b8db116	0	0	0	1	0	0	0	0	0	0	0	0	0	0	0	0	0	0	0	0	0	0	0	0	0	0	0	0	0	0	0	0	0	0	0	0	0	0	0	0	0	0
1c7cbed651b589a735210e8d139f1cc9	0	0	0	0	0	0	0	0	0	0	0	1	0	0	0	0	0	0	0	0	0	0	0	0	0	0	0	0	0	0	0	0	0	0	0	0	0	0	0	0	0	0
1cd55ceee05db3f2a8cd5165a1b3bed1	0	0	0	0	0	0	0	19	0	0	0	0	0	0	0	1	0	0	0	0	1	0	7	0	0	0	0	0	0	0	0	0	1	0	0	0	0	1	0	0	0	0
1d2f7c7c687fa06a78ff2616e0ed6e94	7	1	0	0	0	0	0	0	0	0	0	0	0	0	0	1	0	0	0	0	0	0	0	0	0	0	1	0	0	0	0	0	0	0	0	0	0	0	0	0	0	0
1db90c343ed8f155c36498a2d88808d7	0	0	0	0	0	0	0	0	0	0	0	0	0	0	0	0	0	0	0	0	0	0	0	4	0	0	0	0	0	0	0	0	0	0	0	0	0	0	0	0	0	0
1dbfb5da3c9bef58179011201accdb56	0	0	0	0	0	0	0	0	0	0	0	0	0	0	0	0	0	0	0	0	0	0	0	0	0	0	0	0	0	0	0	0	0	0	0	1281	0	0	1	0	0	0
1de2b8cf5d8708aa4f9e621dde390ec5	0	0	0	0	0	0	0	1	0	2	0	0	0	0	1	0	0	0	0	0	0	0	0	1	0	0	0	0	1	0	0	0	2	0	0	0	0	0	0	0	0	0
1e62b9ab9d564c8267e505efbe3c231a	0	0	0	0	1	0	0	0	0	0	0	0	0	0	0	0	0	0	0	0	0	0	0	0	0	0	0	0	0	0	0	0	0	0	0	0	0	0	0	0	0	0
1ec9cceb6ac876895818ae435b48cf30	0	0	0	0	0	0	0	0	0	0	1	0	0	0	0	0	0	0	0	0	0	0	0	0	0	0	0	0	0	0	0	0	0	0	0	0	0	0	1	0	0	0
1ece2c3f23b6980732d2df93f3d767c8	0	0	0	0	0	0	0	0	0	0	0	0	0	0	0	0	0	0	0	0	0	0	0	0	0	0	0	0	0	0	0	1	0	0	1	0	0	0	0	0	10	0
2006a0e7933e369b40daa4948c08025d	0	0	0	0	0	0	0	0	0	0	0	0	0	0	0	0	0	0	0	0	0	0	0	0	0	0	0	0	0	0	27	1	0	1	0	0	0	0	0	0	0	0
206719241390798bb74f89219b1095a5	0	0	0	0	0	0	0	0	0	0	0	0	0	0	0	0	0	0	0	0	0	0	0	0	0	0	0	0	0	0	0	0	1	0	0	0	0	0	0	0	0	0
20f08979ea38d0e7798440d10076a213	0	0	0	0	0	0	0	0	0	0	0	0	0	0	0	0	0	0	0	0	0	0	0	0	0	0	0	0	0	0	0	0	0	0	0	0	0	0	0	0	0	4
212db3fb7f4479fb86c3e7bde12a52da	0	0	0	0	0	0	0	0	0	0	0	0	0	0	0	0	0	0	0	0	0	3	0	0	0	0	0	0	0	0	0	0	0	0	0	0	0	0	0	1	0	5
2164a351aa10a3564a6b9c7404ba1051	0	0	0	0	0	0	0	0	0	0	0	0	0	0	0	0	0	3	0	0	0	0	0	0	0	0	0	0	0	0	0	0	0	0	0	0	0	0	0	0	0	0
22a601f3f7ad343f5d73239f68f1a9ec	0	0	0	0	0	0	0	0	0	0	0	0	0	0	0	0	0	0	0	0	0	0	0	0	0	0	0	0	0	0	3	0	0	0	0	0	0	0	0	0	0	0
23254d5b088a633a8474eb164ad2d810	0	0	1	0	0	0	0	0	0	0	2	0	0	0	0	0	0	0	0	0	0	0	1	0	0	0	0	0	0	0	1	0	2	0	0	0	0	0	1	0	0	3
232bdd80e80cc47729936e1ceb9035e5	0	0	0	0	0	0	1	0	0	0	0	0	0	0	0	0	0	0	0	0	0	0	0	0	0	0	0	0	0	0	0	0	0	0	0	0	0	0	2	0	0	0
23a8b2d0e62d121304f7812b25e27a26	0	344	1034	38	7	9	89	55	64	556	249	356	1	64	171	9	82	16	243	127	184	3	47	429	1	291	0	41	23	7	40	149	14	154	38	1	11	138	194	486	76	0
2482a2916bdded0ae5d8372de802a686	0	0	66	122	0	57	0	9	0	11	0	8	6	19	21	30	11	18	40	3	59	0	67	0	0	31	0	0	0	84	6	12	38	37	140	0	101	5	0	0	0	0
24d7d83aec444f61aa38d485b25475ae	0	0	0	0	0	0	0	0	0	0	0	0	0	0	0	0	0	0	0	0	0	0	0	0	0	0	0	0	0	0	0	0	0	0	0	0	0	0	0	1	0	0
24ee5c0278b1f8ee5823a122b87c179b	0	0	0	0	0	0	0	0	0	0	0	0	0	0	0	0	1	0	13	0	0	0	0	1	0	0	0	0	0	1	0	5	0	0	0	0	0	0	0	0	0	0
24efdc711c67945ea2b9a0481945cc32	0	7	0	0	0	0	0	1	0	1	0	0	0	0	0	0	0	0	0	0	0	0	0	0	0	1	0	0	0	0	0	0	0	0	0	0	0	0	0	0	0	0
25083d34e69c50f18a5caf6c6ad934a2	0	0	7	127	0	17	4	45	0	7	0	39	1	14	52	2	133	3	34	48	223	0	1	0	1	58	0	0	1	49	22	27	55	5	16	0	0	10	1	0	1	0
25503731b0d1a72bca5363a12fec6694	0	0	0	0	0	0	1	0	0	0	0	0	0	0	0	0	0	0	0	0	0	0	0	0	0	0	0	0	0	0	0	0	0	0	0	0	0	0	0	0	0	0
258029dea9b237bc1dca2a4e461f513c	0	0	9	18	0	0	0	0	0	0	0	0	0	0	0	0	0	0	119	0	34	0	4	0	0	0	0	0	0	0	0	75	0	0	0	0	3	0	0	0	0	0
25979bc7d80b034af0f151183c884a8e	0	0	0	0	1	0	0	0	0	0	0	0	0	0	0	0	0	0	0	0	0	0	0	0	0	0	5	0	0	0	0	0	0	0	0	0	0	0	0	0	0	0
26735770bff4b923b8d1e53808d562e5	0	0	0	0	0	0	0	0	0	0	0	1	0	0	0	0	0	0	0	0	0	0	0	0	0	0	0	0	0	0	0	0	0	0	0	0	0	0	0	0	0	0
269bb7b02df21734257e2dcb4b1d6bf1	0	0	0	0	0	0	5	0	0	0	0	0	0	0	0	0	0	0	0	0	0	0	0	0	0	0	0	0	0	0	0	0	0	0	0	0	0	0	0	0	0	0
26ff1f99ec1e07b5cb44ff598333e071	0	0	0	0	0	0	0	0	0	0	11	0	1	0	0	0	0	0	0	0	0	0	1	0	0	1	0	0	0	0	0	0	0	0	0	0	0	0	0	0	0	0
27957ea52738261169417e5656fa4af0	0	0	0	0	1	0	0	0	0	0	0	0	0	0	0	0	0	0	0	0	0	0	0	0	0	0	0	0	0	0	0	0	0	0	0	0	0	0	0	0	0	0
27aaf136de3b6eb5e296b0df1c105262	32	183	509	39	351	139	10	195	24	75	53	57	4	427	280	61	59	4	114	53	50	40	226	153	65	230	436	0	72	42	367	98	86	102	239	15	320	12	228	0	59	265
27bf571b06d18cdc437cf2a58bcd0d92	8	245	38	4	10	0	20	2	10	0	0	0	18	9	2	1	14	0	16	3	5	6	2	243	19	1	10	7	0	0	8	12	0	1	0	0	3	15	15	92	85	0
2946678c7fca359dcec98267e9948c47	0	0	0	0	0	0	0	0	0	0	0	0	0	0	0	0	0	0	0	0	2	0	0	0	0	1	0	0	0	0	0	0	0	0	0	0	0	0	0	0	0	0
29d229105ffad984efb45ec0e6b3a667	16	1	927	762	0	4524	33	2362	35	10	0	1100	1	2902	1906	65	5664	698	2250	649	798	0	186	1	632	3438	1	0	0	1427	2758	1649	2182	224	3067	0	186	11	1	1	0	1
29febaa0ea5f6d6be16307d8cda01fad	0	5	48	32	0	5	31	18	0	13	1	279	0	70	24	25	18	11	18	4	97	1	5	0	0	83	0	0	0	27	84	20	19	31	11	0	6	19	0	0	0	0
2a4de57ae3870633ca73fbbab3260dcc	0	0	0	0	0	0	0	0	0	0	0	0	0	0	0	0	0	0	0	0	0	0	0	0	0	0	0	0	0	0	0	1	0	0	0	0	0	0	0	0	0	0
2af37c4b15dfc9d2f83be7319c488e5a	0	0	0	0	0	0	0	0	0	0	0	0	1	0	0	0	0	0	0	0	0	0	0	0	0	0	0	0	0	0	0	0	0	0	0	1	0	0	0	0	0	0
2bbad3138111a33ceabee661d7dbe6e4	0	0	0	0	0	0	0	0	0	0	0	0	0	0	0	0	0	0	0	0	0	0	0	0	0	0	0	0	0	0	0	0	1	0	0	0	0	0	0	0	0	0
2c07de22ec0e86602d8cd8baf3cd9bc8	0	0	0	0	0	0	0	0	0	0	0	0	0	0	0	0	0	0	0	0	0	0	0	0	0	0	0	0	0	0	0	0	0	0	0	0	0	0	0	0	23	0
2c571c3054745b0d89d9dbb75b724573	0	0	0	0	0	0	0	0	0	0	0	0	0	0	0	0	0	0	0	0	0	0	0	0	0	0	0	0	0	0	0	0	0	0	0	11	0	0	0	2	0	0
2c79cc21c4efe8acae8383b180452146	0	14	98	0	0	0	1	0	0	17	2	3	3	0	15	2	2	0	7	1	1	0	0	0	0	2	0	0	0	0	0	8	1	1	0	0	5	6	2	1	1	0
2c99281cfc6a5e3bcff41d0e8e4f26d4	0	0	0	0	0	0	0	0	0	0	0	0	0	0	0	0	0	0	0	0	0	0	0	0	0	0	0	0	0	0	0	0	0	2	0	0	0	0	0	0	0	0
2cb33a8dd85a6a5b9ecb1290406fe37e	1	0	0	0	0	0	0	0	0	0	0	0	0	0	0	0	0	0	0	0	0	0	0	0	0	0	0	0	0	0	0	0	0	0	0	0	0	0	0	0	0	0
2e68d53c259eb6e345f72640541503f0	0	0	0	0	0	0	0	0	0	0	0	2	0	0	2	0	0	0	7	0	2	0	0	0	0	0	0	0	0	3	0	1	1	0	2	0	0	0	0	0	0	0
2e7a6200ef3d2f200673ace981a21c7a	0	0	7	2	0	1	0	0	0	2	3	1	0	1	1	0	0	0	0	0	0	0	0	0	0	0	0	0	0	0	4	0	2	1	1	0	0	0	0	0	0	0
2ec25b950f335aa8bb5cb9e728fbdd5a	16	290	196	49	0	1150	39	90	1	460	1	349	2	859	639	528	179	163	99	32	346	0	65	1	0	989	0	0	0	18	737	13	118	389	334	0	24	36	68	0	3	0
2edba71360528e049e7d5b6f85427931	21	2	1	2	0	0	0	2	0	0	0	0	0	2	0	0	5	0	2	0	9	0	1	3	1	0	4	9	1	0	2	0	3	2	0	1	0	0	4	12	2	26
2edbbfccee2078f0751e216bbf3974f3	0	0	0	0	0	0	0	2	0	0	0	0	0	0	0	0	0	2	0	0	0	0	0	0	0	0	0	0	0	0	0	0	0	0	0	0	0	0	0	0	0	0
2f0f6ce3b7a2247597788943a9eb2204	0	0	6	10	0	0	15	0	0	0	0	7	0	0	1	0	0	0	0	0	1	2	15	0	0	2	1	0	0	0	2	0	1	1	0	2	0	1	13	0	0	0
2f17f10bd2323a22b5785a85331534ac	1195	3	11451	157	2	418	170	831	2217	5918	4	502	2	8919	2940	1566	973	151	636	551	778	434	7085	10	4081	1248	9	3	1	1	3248	646	1048	2971	7	4	7882	146	1	13	7	3
2f49ce45087afb0c21d185f6a4f9f8b4	0	0	1	0	0	0	0	0	0	1	0	2	0	0	1	0	0	0	3	0	1	0	0	0	0	2	0	0	0	1	0	2	0	0	0	0	0	0	0	0	0	0
2f9b3bea365be4f41961da8f79d3270a	0	0	0	0	0	0	0	0	0	0	0	0	0	0	0	0	0	0	0	0	0	0	0	1	0	0	0	0	1	0	0	0	0	0	0	0	0	0	0	0	0	0
302c5a8db77f3264b2ce5410a84a6676	0	0	0	0	0	0	0	0	0	0	0	0	0	0	0	0	0	0	0	0	0	0	0	0	0	0	0	0	0	0	0	0	1	0	0	0	0	0	0	0	0	0
304e483ab0c2c2d43fa85d04bb7c348b	0	0	6	0	0	0	0	0	0	0	0	0	0	0	0	0	0	0	0	0	0	0	0	0	0	0	0	0	0	0	0	0	0	0	0	0	0	0	0	0	0	0
305e88c9b72912871f4e45fb3124e265	313	10	0	0	0	0	0	0	0	0	0	0	0	0	0	0	0	0	0	0	0	0	0	0	0	0	0	0	0	0	0	0	0	0	0	0	0	0	0	0	0	0
30987c8f15b839a9f2e7d95f0aae7d93	0	0	139	110	0	3	40	4	0	44	0	11	0	53	19	12	12	0	9	11	140	0	76	0	0	63	0	0	0	5	22	1	4	23	20	0	44	52	0	0	0	0
30a4882804d602c427c66251f73f186b	0	0	1	1	0	1	0	1	0	0	0	0	3	0	0	0	1	0	0	0	0	0	0	0	0	2	0	0	0	0	2	0	2	0	1	0	0	0	0	0	0	0
30a5d9ff99fe1c60ac9aa0f4be195b4a	228	290	0	0	202	0	7	100	58	58	12	0	2380	0	103	0	0	4	0	0	0	1	0	2	0	0	892	749	50	0	0	0	2	11	0	135	0	0	2	496	25	0
30b16b4c5715a5e5b5c26e7f1c51f440	0	1	0	0	0	0	2	0	0	0	0	0	0	0	0	0	0	0	0	0	0	0	3	0	0	0	0	0	0	0	0	0	0	0	0	0	0	0	0	0	0	0
31121358830efcfe29d94a6484c0f27f	0	0	0	0	0	0	0	0	0	0	0	0	0	0	0	0	0	0	0	0	0	0	0	0	0	0	0	0	0	0	0	0	0	0	0	0	0	0	0	1	0	0
32174b1f8d41dd5cdf8ed6b663a5a99e	0	0	48	42	0	87	18	1247	0	296	0	513	0	119	30	9	51	421	0	168	74	0	16	0	0	332	0	0	0	29	54	0	1125	7	34	0	14	38	0	0	0	0
3233962d186bbe0af4944266d0af93d5	0	0	0	0	0	0	0	0	0	0	0	0	0	0	0	0	0	0	0	0	0	0	0	0	0	0	0	0	0	0	0	0	0	0	0	0	0	0	0	0	1	0
32f470d97ae19e2eedf563b3c4c5628b	0	0	0	0	0	0	0	0	25	0	0	0	0	1	0	0	5	0	0	0	1	3	0	141	0	0	0	0	53	0	0	46	0	0	0	0	0	0	0	0	0	0
3350f85deb837e0a625e27f98e28d5e2	0	0	0	0	0	0	0	0	0	0	0	0	0	0	0	0	0	0	0	0	0	0	0	0	0	0	0	1	0	0	0	0	0	0	0	0	6	0	0	9	0	0
33daf32448573ff17f6ccc8ac7d67e6e	0	0	0	0	0	0	0	0	0	0	0	0	0	0	0	0	0	0	0	0	0	2	0	0	0	0	0	0	0	0	0	0	0	0	0	0	0	0	0	0	0	0
340d557f7efbc1194a085343d4c2d606	0	0	0	0	0	0	0	0	0	0	0	0	0	0	0	0	0	0	0	0	0	0	0	0	0	0	0	0	0	0	0	0	0	0	0	1	0	0	0	0	0	0
3413286cbf3c4c9e78977d0af72258fa	0	0	1	0	0	0	0	0	0	0	1	0	0	0	0	0	0	0	0	0	0	0	0	0	0	0	0	0	0	0	0	0	0	0	0	0	0	0	0	0	0	0
345a9aca91c4dcac84fe09e87a709c26	0	2	75	6	0	44	4	24	0	7	0	29	3	4	33	15	6	1	9	3	21	0	17	0	1	107	0	0	0	12	7	6	19	21	60	0	32	30	19	0	0	0
34f045d65758714c85cd1aa041739dbe	0	0	0	0	0	0	1	0	0	0	0	0	0	1	0	0	1	0	0	0	0	0	0	0	0	0	0	0	0	3	0	0	0	1	0	0	0	0	0	0	0	0
34f8f6837d20cf484c908419af777aa8	0	0	0	0	0	0	0	0	0	0	0	0	0	0	0	0	0	0	0	0	0	0	0	0	0	0	0	0	0	0	0	0	0	0	0	0	0	0	0	0	0	1
35667027f3cf408807dbbc50d892cb54	0	0	0	0	0	0	0	1	0	0	0	0	0	0	0	0	0	0	0	0	0	0	0	0	0	0	0	0	0	0	0	0	1	0	0	0	0	0	0	0	0	0
35739ac4932b09f61f00cb66b7118c2a	0	1	0	0	0	0	0	0	0	0	0	0	0	0	0	0	0	0	0	0	0	0	0	0	0	0	0	0	0	0	0	0	0	0	0	0	0	0	0	0	0	0
3584a6c23dac9dba5f5c4672d6cda32d	0	0	0	0	1	0	0	0	0	1	0	0	2	0	0	0	0	0	0	0	0	0	0	0	0	0	43	22	0	0	0	0	0	0	0	4	0	0	0	0	0	0
3666783b9ef74757b7a7126228f209f5	0	0	9	3	0	1	5	1	0	3	0	2	0	1	0	3	2	0	0	1	11	0	4	0	1	8	0	0	0	2	0	0	1	2	5	0	11	3	0	0	0	1
368a29b13f46b53f77b868059f420a6b	0	0	11	10	0	57	1	3	0	0	0	2	0	53	11	0	133	0	18	1	20	0	1	0	2	27	0	0	0	25	64	12	11	1	50	0	1	0	0	0	0	0
3691bd3f77fd40e12eff9c6496950eb4	0	0	0	0	0	0	0	1	0	0	0	0	0	0	0	0	0	0	0	0	0	0	0	0	0	0	0	0	0	0	0	0	0	0	0	0	0	0	0	0	0	0
37aff6547ae9b77cf17c72e5071b861d	0	0	0	0	0	0	0	0	0	0	0	0	1	0	0	0	0	0	0	0	0	0	0	1	0	0	0	0	0	0	0	0	0	0	0	0	0	0	0	1	2	0
37ffe5f71f8178802c1a2458cbea99d5	0	0	0	0	0	0	0	0	0	0	0	0	0	0	0	0	0	0	0	0	0	0	0	3	0	0	0	0	0	0	0	0	0	0	0	0	0	0	0	0	0	0
38025f9fc7ef9f3db4ac93a3fc3c5b23	0	953	2286	4	0	12	78	68	6	307	27	140	12	90	467	67	207	4	269	101	98	0	35	316	121	438	0	5	5	0	75	253	28	53	6	2	46	191	814	1548	392	0
381d5eebb3a83ee5b07ca0e94cadd0c2	0	0	0	0	0	0	0	1	0	0	0	0	0	0	0	0	0	0	0	0	0	0	0	0	0	0	0	0	0	0	0	0	0	0	0	0	0	0	0	0	0	0
382796e0dde5bb396277f83a8ab5c279	0	0	0	0	0	0	0	2	0	1	0	0	5	0	0	0	0	0	0	0	0	0	0	0	0	0	0	0	0	0	0	0	0	0	0	0	0	0	0	0	0	0
387983c0bd81316ff991c60be390172f	0	0	0	0	0	0	0	0	0	0	0	0	0	0	0	0	0	0	0	0	0	0	0	0	0	0	0	0	0	0	0	0	0	0	0	0	0	1	0	0	0	0
39b94684f30690eef3c7be34a88d668a	0	0	0	1	0	0	0	0	0	0	0	0	0	0	0	0	0	0	0	0	0	0	0	0	0	0	0	0	0	0	0	0	0	0	0	0	0	0	0	0	0	0
39c987ce3d85070124e6d2caea1c462f	0	0	0	0	0	0	0	0	0	0	0	0	0	1	0	0	0	0	0	0	0	0	0	0	0	0	0	0	0	0	0	0	0	0	0	0	0	0	0	0	0	0
3a5bac35c3e791bc8fa5b0b581e32306	0	1	1	0	7	0	0	0	0	0	0	0	0	0	0	0	0	0	0	0	0	0	0	0	0	0	1	0	0	0	2	0	0	0	0	0	0	0	10	0	0	0
3abab3a32253f36768a94138f6cc9017	0	0	0	0	0	0	0	0	0	0	0	0	0	0	0	0	0	0	0	0	0	0	0	0	0	0	1	0	0	0	0	0	0	0	0	0	0	0	0	0	0	0
3b02e132f36f08469cc137244320665c	0	0	2	0	0	0	0	0	0	0	0	0	0	0	1	0	0	0	0	0	0	0	0	0	0	0	0	0	0	0	0	2	0	0	0	0	0	1	0	0	0	0
3b51ddfe93898d995143d01c71b4b7d6	0	0	0	0	0	0	0	0	0	0	0	0	0	0	0	0	0	0	0	0	0	0	0	0	0	0	0	0	0	0	0	0	0	0	0	1	0	0	0	0	0	0
3bbdbf48686c9e8e0fd8cfb7ff8d6480	0	0	0	0	0	0	0	0	0	0	0	1	0	0	0	0	0	0	0	0	0	0	0	0	0	0	0	0	0	0	0	0	0	0	0	0	0	0	0	0	0	0
3bf30ec8de1124e0e20787d09bd36b80	0	0	149	0	0	0	0	0	0	1	0	0	18	0	0	0	0	0	0	0	2	0	10	0	0	0	0	0	0	0	0	0	0	12	0	0	0	0	19	121	0	8
3c71768146b77cdd0cf96413e4025fc0	349	155	1689	97	9	594	92	504	259	514	98	111	0	1279	788	145	141	43	703	490	194	1	1383	410	1229	417	2	1	78	143	1389	512	353	298	919	28	1775	182	4	4	60	65
3d6d8cd2c33789b44a8e9e83bd48bd79	207	24	0	0	0	0	0	0	0	0	0	0	1	0	0	0	0	0	0	0	0	0	0	1	0	0	1	0	0	0	0	0	0	0	0	0	0	0	26	4	0	0
3db33009d767007cd47c31bfae2f4438	10	1174	19650	6412	2	453	3774	3064	188	2117	9042	4298	4110	7030	3971	2601	5614	166	2790	760	6860	1	10383	72	19	5494	0	7	1709	2213	8551	1747	2782	5830	6172	0	7250	4555	1256	136	1475	1
3de4c0b039a545de6a586eaf535e598d	0	0	0	0	0	0	0	0	0	0	0	0	0	0	0	0	0	0	0	0	0	0	0	0	0	0	0	0	0	0	0	0	0	0	0	0	0	0	0	0	0	1
3e1fa73769dc61b6102d8a0adf37e9d6	0	0	3	0	0	0	0	0	0	0	0	0	1	0	0	1	0	0	0	1	1	0	0	0	0	1	0	0	0	1	0	1	1	1	2	0	0	2	0	0	0	0
3e26e840920a2c5f6b517fa66f07a64a	0	0	0	0	0	0	0	0	0	0	0	0	0	0	0	0	0	0	0	0	0	0	0	0	0	0	0	0	0	0	0	0	0	0	0	0	0	0	13	0	0	0
3e27e60f26123580878fbf1af89c6791	0	0	0	0	0	0	0	0	0	0	0	0	0	0	0	0	0	0	0	0	0	0	0	0	0	0	0	0	0	0	0	0	0	0	0	0	0	0	1	0	0	0
3e7a4a63de3a33ab7a363f1175abcaa8	1596	937	184	55	332	4	705	761	1088	77	0	38	180	136	82	29	221	0	73	30	120	912	117	7892	1870	126	3637	0	4	11	49	145	15	111	1	0	54	143	2942	8862	6450	4257
3f4ade8624e3f2942f14ba0485e9e099	184	0	85	2	0	0	0	5	0	0	0	2	0	0	5	1	0	1	4	1	2	0	7	0	5	3	0	0	0	0	0	9	1	0	0	0	5	1	0	1	0	0
4032019818d40f71e759561006846172	0	0	0	0	0	0	0	0	0	0	0	0	0	0	0	0	0	0	0	0	0	0	1	0	0	0	0	0	0	0	0	0	0	0	0	0	0	0	0	0	0	0
4046088f13211281dde179dd8ae012a9	3	789	155	256	0	11	23	241	3	101	17	137	39	174	108	53	334	12	128	39	255	0	58	31	7	280	0	0	39	36	272	112	199	66	101	0	54	34	48	122	43	0
40bbc5e135cace2aef5e588a89d2b0d9	0	0	0	0	5	0	0	0	0	0	0	0	0	0	0	0	0	0	0	0	0	0	0	0	0	0	0	0	0	0	0	0	0	0	0	0	0	0	0	0	0	0
40f6f094ff5811c5d43419fd1455bb79	0	0	0	0	0	0	0	0	0	0	0	0	0	0	0	0	0	0	0	0	0	0	0	0	0	0	0	0	0	0	0	0	0	0	0	1	0	0	0	0	0	0
412f96a49822402e0ab34cb182db5bfc	0	0	0	0	0	0	0	0	0	0	0	0	9	0	0	0	0	0	0	0	0	0	0	0	0	0	0	0	0	0	0	0	0	0	0	0	0	0	0	0	0	0
41725f68e04027e26a78a9eb1bd7e587	0	0	0	0	0	0	0	0	0	0	0	0	0	1	0	0	0	0	0	0	0	0	0	0	0	0	0	0	0	0	0	0	0	0	0	0	0	0	0	0	0	0
417447644a7aae87943d8c8ba62788f7	0	0	0	2	0	0	0	0	0	0	0	0	0	0	0	0	0	0	0	0	2	0	0	0	0	0	0	0	0	0	0	0	0	0	0	0	0	0	0	0	0	0
41ac8478eb36b5b453ba60f664fc9f14	0	0	0	0	0	0	0	0	0	0	0	0	0	0	1	0	0	0	0	0	0	0	0	0	0	0	0	0	0	0	0	0	0	0	0	0	0	0	0	0	0	0
41b71050939230ffe5a562bd2a46ce4c	0	0	14	0	0	0	2	0	0	1	0	0	0	1	0	3	0	0	17	0	1	0	1	0	0	19	0	0	0	0	1	14	0	0	12	0	1	2	0	0	0	0
4251942c1ce6355efed7952509014caa	0	0	1	0	0	0	0	6	0	0	4	0	0	0	1	0	1	5	0	1	0	0	3	0	0	7	2	0	0	0	4	2	7	8	0	0	1	0	0	0	2	0
42cf3169f7d53afea4f4790d20264ea0	0	0	0	0	1	0	0	0	0	0	0	0	0	0	0	0	0	0	0	0	0	0	0	0	0	0	0	0	0	0	0	0	0	0	0	0	0	0	0	0	0	0
42dc9310b2ce1947bb0e09e84e5c93bc	0	0	0	0	0	0	0	0	0	0	0	0	0	0	0	0	0	0	0	0	0	0	0	0	0	0	0	0	0	0	0	0	0	0	0	0	0	0	1	0	0	0
431d00e7645884fac9037feca4245c6e	0	0	0	0	0	0	0	0	0	0	0	0	1	0	0	0	0	0	0	0	0	0	0	0	0	0	0	0	0	0	0	0	0	0	0	0	0	0	0	0	0	0
438f3114593dc67f3196823528eefdbe	0	0	0	480	0	126	26	222	80	0	0	0	1	0	0	0	1	97	477	53	1038	0	0	0	18	0	0	1	0	16	0	279	298	0	161	0	0	60	0	0	1	0
43aa119a79e22be525e68a70c6a0398a	0	0	7	0	0	0	0	1	0	0	0	0	0	1	8	0	2	0	1	0	2	0	0	0	0	2	0	0	0	0	1	4	0	0	0	0	0	2	0	0	0	0
43d26cf54abefe28002afc60f07bb997	1	0	0	0	0	0	0	0	0	0	0	0	0	0	0	0	0	0	0	0	0	0	0	0	0	0	0	0	0	0	0	0	0	0	0	0	0	0	0	3	0	0
43e112d1cbda018318f827872383b9c1	0	0	0	0	1	0	0	0	0	0	0	0	0	0	0	0	0	0	0	0	0	0	0	0	0	0	0	0	0	0	0	0	0	0	0	0	0	0	0	0	0	0
43ee6acb9bf386c49a02fdf136a4a2fe	542	1	297	246	0	6	62	39	33	0	0	6	0	27	35	42	156	7	92	49	330	0	115	249	126	47	0	1	0	10	17	150	47	76	23	0	133	24	0	0	0	0
444698a3dac609de046b4eb38e9c6d0f	0	0	0	0	0	0	0	29	0	31	0	0	0	0	0	0	0	1	0	0	0	0	0	0	0	0	0	0	0	0	0	0	54	1	1	0	0	0	0	0	0	0
4530095a3f4607ae85a1840bfb806964	0	0	0	0	0	0	0	0	0	0	0	0	1	0	0	0	0	0	0	0	0	0	0	0	0	0	0	0	0	0	0	0	0	0	0	0	0	0	1	0	0	0
45a6df44fb250006f817729e8a812cde	0	0	0	0	0	0	0	0	0	0	0	0	1	0	0	0	0	0	0	0	0	0	0	0	0	0	0	0	0	0	0	0	0	0	0	0	0	0	0	0	0	0
45c091359e8d579a3a337929efbeee7c	0	15	814	627	0	129	45	478	0	687	48	613	24	985	230	193	1274	22	138	84	1539	0	245	39	0	1185	0	0	66	120	1661	93	901	234	928	1	203	152	2	10	8	0
465d2973527be0798949943e580e9936	0	0	0	0	2	0	0	0	0	0	0	0	0	0	0	0	0	0	0	0	0	0	0	0	0	0	27	3	0	0	0	0	0	0	0	1	0	0	0	0	0	0
4698a8ceecc080bd9f1903877b8376bf	0	0	0	0	0	0	0	0	0	0	0	1	0	0	0	0	0	0	0	0	0	0	0	0	0	0	0	0	0	0	0	0	0	0	0	0	0	0	0	0	0	0
470bb66b447795db54845680bffc71eb	0	0	0	0	0	0	0	0	0	0	0	0	4	0	0	0	0	0	0	0	0	0	0	0	0	0	0	0	0	0	0	1	0	0	0	2	0	0	0	0	0	0
4895ff67f4187e7bc9afe037041e5188	0	0	0	0	0	0	0	0	1	0	0	0	0	0	0	0	0	0	0	0	0	0	0	1	0	0	0	0	6	0	0	0	0	0	0	0	0	0	0	0	0	0
48d6f2748434d8e1c7f192497502cf04	0	0	0	0	0	0	4	0	0	0	0	0	9	0	0	0	0	0	0	0	0	0	0	0	0	0	0	0	1	0	0	0	0	0	0	0	0	0	0	0	0	0
4a5cb9f7da0e0b509f9e557a0fefeb1c	0	0	1	0	0	0	1	2	0	0	1	0	0	0	0	0	1	0	0	0	1	0	4	0	0	4	0	0	0	0	0	0	0	2	0	0	0	0	0	3	0	0
4a5fd6a71c60ccfd3f622d92d710f0fa	1	0	6	0	0	0	0	4	0	0	9	2	1	6	1	6	1	0	1	0	2	0	19	0	0	2	2	1	0	0	6	0	2	11	1	0	4	1	4	2	0	2
4aa07736fec80d08956925f69a84193f	0	0	0	0	0	0	0	0	0	0	1	0	0	0	0	0	0	0	0	0	0	0	0	0	0	0	0	1	0	0	0	0	0	0	0	0	0	0	2	0	0	1
4b5b5f1482508c1d11fd8db3deabf675	3	124	961	41	0	43	187	388	24	254	71	319	413	9	357	302	2	50	572	136	224	0	405	10	0	297	0	0	46	127	6	709	590	287	225	0	399	239	1831	20	454	0
4ba78c8aa90576fc69d582095ca22b48	0	0	3	0	1	0	0	0	0	0	0	4	0	0	12	0	0	0	0	4	0	0	0	0	0	2	0	0	0	0	0	3	0	0	0	0	0	1	0	1	0	0
4c546e24f53b4fe7d85ed3ca3cb6f32f	34787	4	10161	349	0	934	60	530	129	0	0	567	0	3	1079	449	0	75	2169	617	470	0	2025	1	1879	556	0	4	0	1	1	2314	289	1	1	0	3262	85	0	0	1	2
4c778b3581948480afc55d711a419cb0	0	7	1	0	13	0	0	1	1	0	0	0	0	0	0	0	0	0	16	1	0	0	0	6	0	0	6	0	0	0	0	0	0	1	0	0	1	0	4	0	0	5
4c7ec7a8ea483641bde23d25344da39b	1	0	0	0	1	0	0	0	1	0	0	0	55	0	0	0	0	0	0	0	0	0	0	0	0	0	2	1	0	0	0	0	0	0	0	6	0	0	0	2	0	0
4cf8ca2c88d96a3c75bff0a7b1d71593	862	0	0	0	0	0	0	0	0	0	0	0	135	0	0	0	0	0	0	0	0	0	0	0	0	0	0	0	0	0	0	0	0	0	0	0	0	0	0	0	0	0
4d3d66bc7695a9c7cf088772d0a8f19b	0	1	0	0	0	0	3	0	0	0	0	0	0	0	0	0	0	0	0	0	0	0	0	1	0	0	1	0	0	0	0	3	0	0	0	0	0	1	2	3	2	0
4d44de6a3a176bb46667c088efe43bf6	0	0	0	0	0	0	0	0	0	0	0	0	22	0	0	0	0	0	0	0	0	0	0	0	0	0	0	0	0	0	0	0	0	0	0	0	0	0	0	37	0	0
4d5a89e740c535fe4f5b1bd24add3e37	3	20	0	1	14	0	1	12	0	1	0	1	2308	0	70	0	0	0	0	0	0	0	0	0	0	0	107	11033	96	1	0	0	0	0	0	6054	0	0	0	31	1	0
4d7ba2adc7d7b7a47ce7eb0bf32f3ebe	0	0	0	0	0	0	0	0	0	0	0	0	0	0	0	0	0	0	0	0	0	0	1	0	0	0	0	0	0	0	0	0	0	0	0	0	0	0	0	0	0	0
4e0703caf232c4c0588472f41dd61b1b	0	0	0	0	0	0	0	0	0	0	0	0	0	0	0	0	0	0	0	0	0	0	0	0	0	0	0	0	0	0	0	0	0	0	0	2	0	0	0	0	0	0
4e2c62bd3e6fe7e05e25bb15dfd53b32	0	0	0	0	0	0	0	0	0	0	0	0	0	0	0	0	0	0	0	0	0	0	0	0	0	0	0	0	0	0	0	0	0	0	0	0	0	0	1	0	0	0
4f0ec8a5eaec2fff2cc9f665e98a60df	0	0	0	0	0	0	0	0	0	0	0	0	0	0	1	0	0	0	0	0	0	0	0	0	0	0	0	0	0	0	0	0	0	0	0	0	1	0	0	0	0	0
4ff035d5b47ffde546e4e24ed6b365aa	104	2	21	16	32	1	47	55	7	3	0	3	27	39	8	5	34	0	29	2	5	8	6	893	45	15	120	1	0	0	8	17	1	9	0	0	4	20	17	24	196	2
50149f1d17962df09647d575f526f789	1	0	0	0	0	0	0	0	0	0	0	0	0	0	0	0	0	0	0	0	0	0	0	0	0	0	0	0	0	0	0	0	0	0	0	0	0	0	0	0	0	0
504cb1833fb3d24239b0adf010e2f452	0	0	2	0	0	0	0	3	0	2	0	0	0	0	0	0	0	0	1	0	1	0	0	0	0	0	0	0	0	1	0	1	0	0	0	0	0	0	0	0	0	0
505045760698ead319d4ff535faefeab	13	2	6	0	0	0	0	2	0	0	0	0	0	1	0	0	0	0	0	0	0	0	0	4	0	0	19	4	1	0	2	0	0	1	0	0	0	0	2	3	0	342
509a454f687ec97c9f34ae0661bf28c2	0	3	2	3	0	0	1	0	0	0	0	1	0	1	0	2	0	0	0	0	1	0	1	0	0	0	0	0	0	1	2	0	1	0	0	0	1	1	0	0	0	0
5127b0d3e7cffbc8638a3645d911adfe	0	0	0	2	0	0	0	1	0	0	0	0	0	0	0	0	0	0	1	0	6	0	0	0	0	0	0	0	0	0	0	0	0	0	1	0	0	1	0	0	0	0
51f7a0896061f73b250cc9a5ffd38c2f	0	1	22	29	0	23	1	13	1	9	0	20	0	40	152	28	11	4	8	12	162	0	2	0	0	34	1	0	0	4	13	11	29	3	2	0	7	125	0	0	0	0
526777f393c2a7efcc4126a003124e80	0	0	0	0	0	0	0	0	0	0	0	0	0	0	0	0	0	0	0	0	0	0	0	3	0	0	0	0	0	0	0	0	0	0	0	0	0	0	0	0	0	0
53127a7fffbc4e4e691a1d3a86a92351	0	0	0	0	0	0	0	0	0	0	0	0	0	0	0	0	0	0	0	0	0	0	0	0	0	0	2	0	0	0	0	0	0	7	0	0	0	0	0	0	0	0
549082b903803a1992a04b3ae8ac5863	0	0	4	10	0	29	3	7	0	10	0	17	0	14	25	31	5	0	4	8	23	0	3	2	0	30	0	0	0	16	12	3	14	2	136	0	3	23	0	0	0	0
551ed7af5ae9fdbd18a3ec7d04db8b94	0	0	0	0	0	0	0	0	0	0	0	0	6	0	0	0	0	0	0	0	0	0	0	0	0	0	0	0	0	0	0	0	0	0	0	1	0	0	0	0	0	0
556a8129572431ad0f63471d81f5c333	0	5	0	0	20	0	0	0	1	0	0	1	114	0	3	0	0	0	0	0	0	0	0	0	0	0	23	0	0	0	0	0	0	0	0	3	0	0	1	4	3	0
55acb2c5c3ef1c0a2c83e055d57d084c	0	1	63	49	0	8	7	22	0	20	0	27	0	47	70	10	35	0	18	6	69	0	29	56	66	96	0	0	177	4	17	29	21	14	41	0	24	21	209	349	0	0
56124d34d1d7a0d0e63dda8e4e52f730	0	2	109	34	0	3	11	15	0	18	95	12	8	21	18	18	35	0	5	6	45	0	218	0	0	27	0	0	1	10	48	5	17	29	17	0	32	17	4	3	0	0
568cc35f0f8cf7854ebf51b0de908407	0	0	0	0	0	0	0	0	0	0	0	0	0	0	1	0	0	0	0	0	0	0	0	0	0	2	0	0	0	0	0	0	0	0	0	0	0	0	0	0	0	0
5783d6b5b2943ec62e0f42d8c31acf7a	6	26	34	1	39	0	4	1	0	6	42	0	6	0	4	0	0	0	0	0	1	38	30	5	15	2	26	3	1	0	1	1	0	2	0	30	0	6	83	41	50	2
57a0eddffd51461e1909c9211f96f0f1	1	2	0	0	0	0	0	0	1	0	0	0	1	1	0	0	0	0	0	0	0	13	0	0	0	0	0	3	0	0	0	0	0	0	0	0	0	0	42	11	0	12
58585ea9fcdc830b5faa1518996aa7a0	0	12	0	0	0	0	0	3	0	1	0	0	4	0	1	0	0	0	0	0	0	0	0	0	0	0	0	0	0	0	0	0	1	1	0	0	0	0	0	3	1	2
590f61ffd736fc54d257eb2a90065679	0	0	0	1	0	0	0	0	0	0	0	0	0	0	0	0	0	0	0	0	4	0	0	0	0	0	0	0	0	0	0	0	0	0	0	0	0	0	0	0	0	0
5935244a7a7c88ffe7c005ba2889af25	0	0	0	0	0	0	0	0	0	0	0	0	8	0	0	0	0	0	0	0	0	0	0	0	0	0	0	0	3	0	0	0	0	0	0	0	0	0	0	22	0	0
59401186c04d6686d6c1899f9ba53242	0	0	0	0	1	0	0	0	0	0	0	0	0	0	0	0	0	0	0	0	0	0	0	0	0	0	1	0	0	0	0	0	0	0	0	0	0	0	0	0	0	9
59609c04c847d027fa19f1d52fa965a6	0	0	0	0	0	0	0	0	0	0	0	0	4	0	0	0	0	0	0	0	0	0	0	0	0	0	0	0	0	0	0	0	0	0	0	0	0	0	0	0	0	0
59959b20c7925a22214b7cc9273c1dd9	0	0	0	1	0	0	0	0	0	3	0	0	1	0	1	0	0	0	2	0	1	0	0	9	0	0	0	0	0	0	0	1	0	0	0	4	0	0	6	14	2	0
5aa781dbf57f9934973bfbac0bc450bd	0	0	0	0	0	0	0	0	0	0	0	0	0	0	0	0	0	0	0	0	0	0	0	0	0	0	0	3	0	0	0	0	0	0	0	0	0	0	0	0	0	0
5acc903245d239b57c3e967ced6d635b	0	3	11	0	0	0	0	0	0	4	0	0	0	0	3	0	0	0	0	1	4	0	0	0	0	1	0	0	0	0	0	3	2	0	0	0	0	1	0	0	0	0
5aeed2b0142a65681c25b20989009bb8	0	0	0	0	0	0	0	0	0	0	0	0	0	0	0	0	0	0	0	0	0	0	0	0	0	0	0	0	0	0	0	0	0	0	0	0	0	0	0	1	0	0
5b487680f9b9c792e6fd59af6044c668	206	122	305	138	0	1045	257	221	4	168	26	253	51	440	234	164	320	49	89	91	159	0	89	201	4	991	0	0	203	106	242	50	315	367	443	1351	116	339	319	132	30	1
5bb3e1bf78b79ff633a2dc36af0ae5c1	0	0	0	5	0	0	0	0	0	0	0	0	3	0	0	0	0	0	2	15	10	0	0	0	0	1	1	6	0	0	0	0	0	25	3	0	0	1	0	0	0	0
5c3346b5f7f4f889a7c4991d2d3bcdee	0	0	0	0	2	0	0	0	0	0	0	0	0	0	0	1	0	0	0	0	0	0	0	0	0	0	1	0	0	0	0	0	0	0	0	0	0	0	0	0	0	0
5cc5a9751835fcce1f579a8ff86481af	0	0	19	25	0	1	9	5	0	0	0	6	3	0	7	1	1	0	3	1	11	0	7	0	0	22	0	0	0	4	0	1	3	5	13	0	11	7	0	0	0	0
5cd5b40fad63f7ee80a4ea7d6abb0365	1	1	0	0	0	0	0	0	0	0	0	0	0	0	0	0	0	0	0	0	0	0	0	0	0	0	0	0	0	0	0	0	0	1022	0	0	0	0	0	0	1	0
5d3d4b26d52971e81a33fa01fd550ee9	0	0	1	0	0	0	0	1	0	0	0	2	2	0	0	0	0	0	41	0	9	0	0	0	0	0	0	0	0	0	0	0	0	0	0	0	0	0	2	13	0	0
5d6a58c0eb3f4df93c8eedc753fd1472	0	0	170	64	0	17	60	50	0	61	14	38	0	82	72	59	33	3	56	33	81	1	83	0	0	190	0	0	4	24	45	41	48	117	99	0	73	33	0	0	0	0
5d6cfd07d885d25cea6d95494eb676cc	0	0	1	0	0	0	0	0	0	0	0	0	0	0	0	0	0	0	0	0	0	0	0	0	0	0	0	0	0	0	0	0	0	0	0	0	0	0	0	0	0	0
5d71ab0eb90660d050c867947248825c	0	0	0	0	0	0	0	0	0	0	0	0	2	0	0	0	0	0	0	0	0	0	0	0	0	0	0	0	0	0	0	0	0	0	0	0	0	0	0	0	0	0
5d7f8ccac9d2ab6720601e0aae685630	0	0	1	1	0	11	0	0	0	1	0	1	0	0	2	0	0	0	2	0	4	0	0	0	0	1	0	0	0	0	0	1	1	0	0	0	0	0	0	0	0	0
5e449206e2d8559c19c946cdb48e26e3	0	0	1328	8	0	53	24	32	0	73	0	75	0	35	152	11	9	1	80	22	17	0	129	0	0	111	0	0	0	64	28	117	33	124	96	0	224	142	0	0	0	0
5ea5b9db9deb806d27e77dc40206a2e1	0	0	0	0	0	0	0	1	0	0	0	0	0	0	0	0	0	0	0	0	0	0	0	0	0	0	0	0	0	0	0	0	0	0	0	0	0	0	0	0	0	0
5f4410fbe40474c8904bf77586ed21dc	2	0	0	0	0	0	0	0	0	0	0	0	0	0	0	0	0	0	0	0	0	0	0	0	0	0	0	0	0	0	0	0	0	0	0	0	0	0	0	0	0	0
5f5771347dd204338b1bd565b02b5060	0	0	0	0	0	0	0	0	0	0	0	0	0	0	0	0	0	0	0	0	0	0	0	0	0	0	0	0	0	0	0	0	0	0	0	0	0	0	0	1	0	0
5fd6cd94555392f800bccb5ba2eab3fe	7	0	0	0	0	0	0	0	0	0	0	0	0	0	0	0	0	0	0	0	0	0	0	0	0	0	0	0	0	0	0	0	0	0	0	0	0	0	0	0	0	1
6027006360bcde27058f62977f3cb037	0	0	2	0	0	0	0	0	0	0	0	0	0	0	0	0	0	0	0	0	0	0	1	0	0	0	0	0	0	0	0	0	0	0	0	0	0	0	0	0	0	0
60c611723b9e0bb231cf5b8ac9b335f6	0	0	0	0	0	0	8	22	12	0	0	0	0	0	0	0	0	5	0	0	0	0	0	0	0	0	0	0	0	0	0	0	20	0	0	0	0	0	0	0	0	0
61346a51e9218f3235c69daa2c567d04	0	0	6	1	0	0	0	0	0	0	0	0	0	1	0	0	2	0	1	0	1	0	4	0	0	0	0	0	0	0	1	0	0	0	0	0	0	0	0	0	0	0
61954a3ad2f9323dfc248b39207930a9	1	0	15	7	0	0	0	2	1	3	3	2	0	5	5	1	4	0	1	1	12	0	6	39	2	0	0	0	11	1	1	3	1	5	1	0	4	6	0	135	0	0
61abb66d633b331a0f1c2168574b7f7c	0	0	0	0	0	0	0	0	0	0	0	0	0	0	0	0	0	0	0	0	0	0	0	0	0	0	0	0	0	0	0	0	0	0	0	0	0	0	1	0	0	0
61ad0efd12e5df6b489dfb723c1015b9	4	0	0	0	0	0	0	0	0	0	0	0	0	0	0	0	0	0	0	0	0	0	0	0	0	0	0	0	0	0	0	0	0	0	0	0	0	0	0	0	0	0
61fbb02985e6118e4ae7ad55bc5fa81a	0	0	0	0	0	0	0	0	0	0	0	0	0	0	0	0	0	0	0	0	0	0	0	0	0	0	1	0	0	0	0	0	0	0	0	0	0	0	0	0	0	0
626039314b11dfda220c9b8ce3a54098	0	4	3	0	0	0	0	0	0	0	0	0	2	2	0	13	11	92	9	0	0	0	1	1	0	2	0	1	0	1	3	0	0	0	14	0	0	3	0	1	0	0
628054a712fa1fa4e725f21388b1dc7d	0	0	0	0	0	0	0	0	0	0	0	0	0	0	0	0	0	0	0	0	0	0	0	3	0	0	0	27	0	0	0	0	0	0	0	0	0	0	0	2	0	0
62f226e73cce6b14fdead682bb1a910c	0	0	0	0	0	0	0	0	0	0	0	0	0	0	0	0	0	0	0	0	0	0	0	1	0	0	0	0	0	0	0	0	0	0	0	0	0	0	0	0	0	0
62fd390fb436a4b3081d8b303233c20a	0	1	32	0	1	0	2	6	0	41	119	0	227	0	4	1	0	2	0	0	2	2676	29	60	2	13	3	20	0	0	4	0	23	8	0	12	0	0	26	2494	297	0
6305cf34ea63897783f125cc9d9b8f3e	0	0	1	0	0	0	0	1	0	0	0	0	0	0	0	0	0	0	0	0	0	0	0	0	0	2	0	0	0	0	0	0	0	0	1	0	0	0	0	0	0	0
648771008eae710fde98d47cd8a951f6	0	0	2	0	1	0	0	0	0	0	1	0	0	0	1	0	0	0	0	0	0	0	3	0	0	0	0	0	0	0	0	0	0	4	0	0	5	0	0	1	0	0
64afe236588a2ada700cc1c7444bdc14	0	0	3	0	2	0	1	1	0	0	0	0	4	0	0	0	0	0	0	0	0	2	0	0	0	0	0	0	0	0	0	0	1	0	0	3	0	0	2	0	0	221
6529280a4986f8569d8004caf27f694b	0	0	0	0	0	0	0	0	0	0	0	0	0	0	0	0	0	0	0	0	0	1	0	1	0	0	1	0	0	0	0	0	0	0	0	0	0	0	0	0	0	1
6558d21587085ee76dc834ef70269629	0	2715	40	207	0	17	25	35	0	37	7	24	34	166	65	57	110	0	10	28	284	0	23	159	37	50	0	0	21	74	113	19	18	25	107	0	21	32	23	142	8	0
6618d764e65f6b3a080ce7da14652d68	2	34	14	1	0	2	1	12	0	0	2	9	3	1	9	5	1	0	2	3	4	1	4	7	0	9	0	0	5	0	1	5	7	2	3	0	6	5	7	144	23	0
661fe29c63962be955a1ba67dbdc1c21	0	0	0	0	1	0	0	0	0	0	0	0	2	0	0	0	0	0	0	0	0	0	0	0	0	0	0	0	0	0	0	0	0	0	0	0	0	0	0	0	0	0
662e2e7c79202002e7d0a6fff4cca704	0	0	0	0	0	0	0	0	0	0	2	0	0	0	0	0	0	0	0	0	0	0	0	0	0	0	0	0	0	0	0	0	0	0	0	0	0	0	0	0	5	1
6697c05d8b2b5361bba6b99050cd0179	7	6	0	0	1	0	0	0	0	0	0	0	9	0	0	0	0	0	0	0	0	290	0	6	0	0	0	0	5	0	0	1	1	0	0	1	0	0	92	74	3	116
680f20c2ea0106d4c8180d65a3fdaade	0	0	0	0	4	0	0	0	0	0	0	0	0	0	0	0	0	0	0	0	0	0	0	0	0	0	0	0	0	0	0	0	0	0	0	0	0	0	0	0	0	0
68242556b15a64c954e9b53ee546fa2c	0	0	0	0	0	0	0	0	0	0	0	0	0	0	0	0	0	0	0	0	0	0	0	0	0	0	0	0	0	0	0	1	0	0	0	0	0	0	0	0	0	0
6866b8d110b2b80b01b06fcdecb7c0c7	1	2	0	0	19	0	0	0	0	0	0	0	0	0	0	1	0	0	0	0	8	3	1	0	0	0	0	0	0	0	0	2	0	0	0	103	0	2	344	1	0	86
68b6bd5874d5fab1545af47cf1c943b2	3	0	0	0	0	0	0	0	0	0	0	0	0	0	0	0	0	0	0	0	0	0	0	0	0	0	0	0	0	0	0	0	0	0	0	0	0	0	0	0	0	0
691f56ec60d3758cd26bf5da7df43c3d	38	69	2	1	3965	1	0	317	0	1	0	1	13	1	0	2	0	0	1	0	0	1	0	1	1	0	21685	9	2	0	0	1	0	0	2	9	0	0	7	1	56	0
692468544b4da2dcf57e2382eab28819	0	0	8	22	0	0	1	2	0	2	0	2	0	0	3	0	0	0	0	2	69	0	1	0	0	0	0	0	0	0	0	0	3	2	5	0	3	0	462	0	0	0
6987d585aa097b96e8d96e1e0fb507ad	0	0	0	0	0	0	0	0	0	0	0	0	0	0	0	0	0	0	0	0	0	0	0	1	0	0	0	0	0	0	0	0	0	0	0	0	0	0	0	0	0	0
6a375e0b7e0978548c833933ac43efa3	0	1	7	0	0	0	9	10	0	1	0	0	0	2	0	4	1	1	3	5	1	0	1	0	0	0	0	0	0	1	0	0	7	0	9	1	5	5	1	12	0	0
6a89e61c768e66ba6a34d88ce42f89d5	0	0	0	0	0	0	0	0	0	0	0	0	0	0	0	0	0	0	0	0	0	0	0	0	0	0	0	0	0	0	0	0	0	0	1	0	0	0	1	0	0	0
6aea863376d4eaef3fa32f1cc8944705	0	46082	0	5	3	6	41665	2671	1	4	0	1	3	1	8	9	12	26442	2	3858	1	4	1	8	2	6	1	8	3	1	10	2	4237	5	11	5	13	93626	0	6	5	0
6aff1511afa2404ee3f48171ee98f8a7	0	0	9	0	0	0	1	0	0	0	0	23	0	0	24	12	0	0	5	2	0	0	0	0	0	18	0	0	0	0	1	6	1	0	0	0	0	6	0	0	0	0
6b5d7d9517bdc00395b271deabf6b236	0	3309	274	160	1	537	1190	440	0	3937	2	1866	9	4037	4553	2743	126	156	637	65	616	1	360	0	1	3326	0	1	0	383	4070	66	74	2017	1211	0	111	359	1801	1	0	0
6b7f8591edd092dd00a4cf84d6e80301	0	0	0	0	0	265	0	0	0	0	0	0	0	0	0	0	0	0	0	0	0	0	0	0	0	0	0	0	0	33	0	0	0	0	169	0	0	0	0	0	0	0
6b8c61879e51fad71e34d5a6d5b96662	0	0	0	0	0	0	0	0	0	0	0	0	0	0	0	0	0	0	2	0	0	0	0	0	0	0	0	0	0	0	0	0	1	0	0	0	0	0	0	0	0	0
6bd00bdded7ec6de919c5b6d5695ba33	0	0	22	0	0	0	11	1	0	10	0	0	0	0	2	0	1	0	3	5	0	0	5	0	0	13	0	0	0	0	0	4	0	1	2	0	30	6	4	0	1	0
6bf8865fd2dd0e96b9aaebc0f38fc9e8	0	0	0	0	1	0	0	0	0	0	0	0	0	0	0	0	0	0	0	0	0	0	0	0	0	0	0	0	0	0	0	0	0	0	0	0	0	0	0	0	0	0
6c5624522307e99889c9a41725d7e135	0	0	0	0	0	0	0	1	0	0	0	0	0	0	0	0	0	0	0	0	0	0	0	0	0	0	0	0	0	0	0	0	0	0	0	0	0	0	0	0	0	0
6c6533beb2a0c754462e945caf9bcbeb	0	0	0	0	0	0	0	0	0	0	0	0	0	0	0	0	0	0	0	0	0	0	0	0	0	0	0	0	0	0	0	0	0	0	0	147	0	0	0	0	0	0
6c8a27b691a17999fed032e60e7e20b2	0	0	0	0	0	0	0	0	0	0	0	0	0	0	0	0	0	0	0	0	0	0	0	0	0	0	0	0	0	0	0	0	0	0	0	8	0	0	0	0	0	0
6c928721e7e8d9cac25c0ed2d56a5050	1	0	0	0	0	0	0	0	0	0	0	0	0	0	0	0	0	0	0	0	0	0	0	0	0	0	1	0	0	0	0	0	0	0	0	0	0	0	0	0	0	0
6cb900509d175366ffccebb456120fa5	0	0	0	0	0	0	0	0	0	0	0	0	0	0	0	0	0	0	0	0	0	0	0	0	0	0	0	2	0	0	0	0	0	0	0	0	0	0	0	0	0	0
6d716c5427c69a07a9e6b0a3065e7205	109	14586	4061	1023	49572	159	230	547	223	1395	1531	345	14	538	496	101	494	49	1895	502	730	6	1818	13483	529	903	25187	7	9439	31	408	867	474	2230	343	282	1290	107	37891	6	1395	33179
6dafe83c944f190dddb5195f06963db6	0	0	3	0	0	0	0	2	0	0	0	0	0	0	0	0	0	0	0	0	0	0	0	0	0	0	0	0	0	1	0	0	1	1	0	0	0	0	0	0	0	0
6dd973890441ae559cb20c8c5ab7773d	0	0	2	5	0	0	0	6	0	0	0	5	0	2	6	21	0	0	2	0	10	0	0	2	1	8	0	0	0	2	3	3	7	0	0	0	0	0	0	0	0	0
6df2566553ab0dbb400dac7a46793f83	0	0	0	0	0	0	0	0	0	0	0	1	0	0	1	0	0	0	0	0	0	0	0	0	0	1	0	0	0	0	0	0	0	0	0	0	0	0	0	0	0	0
6e548814f29138f08786a9c5d24f5d66	0	0	2	0	0	0	0	0	0	0	0	0	0	0	0	0	0	0	1	0	0	0	0	0	0	0	0	0	0	0	0	0	0	0	0	0	0	0	0	0	0	0
6f220aeb128f7f2d1f1748f6087e4882	0	1	0	0	0	0	0	0	0	0	0	0	0	0	0	0	0	0	0	0	0	0	0	0	0	0	0	0	0	0	0	0	0	0	0	0	0	0	0	0	0	0
6f66e492600ac17b2c264981442e762f	0	0	0	0	0	0	0	0	0	0	0	0	0	0	0	0	1	0	0	0	0	0	0	0	0	0	0	0	0	0	0	0	0	0	0	0	0	0	0	0	0	0
6f8a7d83d3dc06379de7785dd003c502	0	0	1	0	0	0	1	0	0	1	0	2	0	5	9	3	0	0	0	0	0	0	3	0	0	5	0	0	0	1	3	0	1	5	3	0	1	0	0	0	0	0
6ffd22cbd4e83ca17dd1bea5ee162dac	0	0	0	0	1	0	0	0	0	0	0	0	0	0	0	0	0	0	0	0	0	0	0	0	0	0	0	0	0	0	0	0	0	0	0	0	0	0	0	0	0	0
70ed48a2c787df0e4255aa883c4a493b	0	0	0	1	0	0	0	0	0	0	0	0	0	0	0	0	0	0	0	0	1	0	0	0	0	0	0	0	0	0	0	0	0	0	0	0	0	0	0	0	0	0
712d654c32b01c48ea2ea4112fb8e8ba	2	1	0	0	13	0	0	0	1	0	2	0	6	0	0	0	0	0	0	0	0	1	0	0	0	0	0	0	0	0	0	0	0	0	0	0	0	0	0	6	0	0
71bd98afa3551a416a8cb043073cddf5	0	5	6	5	0	3	3	1	0	6	0	4	0	8	6	10	28	0	1	0	5	0	5	6	0	28	0	0	0	1	4	0	3	9	8	0	0	8	0	2	2	0
71e1be9ed3783a64d617fb53c5721755	0	0	0	0	0	0	0	0	0	0	0	0	0	0	0	0	0	0	0	0	0	0	0	0	0	0	0	1	0	0	0	0	0	0	0	0	0	0	0	0	0	0
71f5bbf4169835cf00ac99b0dc870893	0	1	0	0	0	0	0	0	0	0	0	0	0	0	0	0	0	0	0	0	0	0	1	0	0	0	0	0	0	0	0	0	0	0	0	0	0	0	0	0	0	0
7268de4505b671f493b7a8529fb21c36	0	0	0	0	1	0	0	0	0	0	0	0	0	0	0	0	0	0	0	0	0	0	0	0	0	0	0	0	0	0	0	0	0	0	0	0	0	0	0	0	0	0
72b165cafba798daa614a7bab0735795	0	6	0	2	0	0	0	1	0	2	0	0	0	1	1	0	0	0	0	1	2	0	1	1	1	0	0	0	0	1	0	0	0	1	0	0	0	0	0	1	0	0
7351f2058d6ad846f658d822e991e29b	0	0	1	0	0	0	0	2	0	1	0	0	0	0	0	0	1	0	0	0	0	0	0	0	0	1	0	0	0	0	1	0	0	0	3	0	0	2	0	0	0	0
73ab97c4b3d0ac8089a6c5e6246c42c8	0	0	14	17	0	1	3	15	0	1	0	3	0	8	1	0	2	0	5	0	3	0	7	0	0	7	0	0	0	1	10	11	6	3	2	0	3	1	0	0	0	0
73edbeb2125efe92b7ed1145774d32ee	0	0	0	0	1	0	0	0	0	0	0	0	0	0	0	0	0	0	0	0	0	0	0	0	0	0	2	0	0	0	0	0	0	0	0	0	0	0	0	0	0	0
73fb91e167b78bbc62554bf84e93096d	51	0	19	0	0	1	0	2	0	0	0	1	0	0	4	1	0	0	2	1	0	0	7	0	2	2	0	0	0	0	0	4	0	0	0	0	4	0	0	0	0	0
744452fe3579922fc7467392cd5062bc	0	0	0	0	0	0	0	0	0	0	0	3	0	0	0	0	0	0	0	0	0	0	0	0	0	4	0	0	0	0	0	0	0	0	1	0	0	0	0	0	0	0
7451ea4efdb6d0deeea62bd400544e3e	6	0	146	80	0	148	10	56	16	1	0	3	1	294	27	0	145	6	133	12	276	0	108	0	153	3	0	1	0	39	403	61	59	131	110	0	0	1	0	0	0	0
7495658ac2bb6f05fcc35e9ceb372796	11	0	0	0	0	0	0	0	0	0	0	1	0	0	0	0	0	0	1	0	0	0	0	0	0	0	0	0	0	0	0	0	0	0	0	1	0	1	0	0	0	0
74a08c7ec46e36490621087932a4b1df	0	0	0	0	0	0	0	0	0	0	0	0	0	0	0	0	0	0	0	0	0	0	0	0	0	0	0	0	0	0	0	0	0	0	0	0	0	0	0	0	0	5
74ab168f6c987b11d8fccaeeda84ed28	0	0	0	0	0	0	0	0	0	0	0	0	0	0	0	0	0	0	0	0	0	0	0	0	0	0	0	9	0	0	0	0	0	0	0	0	0	0	1	0	0	0
7543a57c2d7e7c715944840e717cecd5	0	0	0	0	0	0	0	0	0	0	0	0	0	0	0	0	0	0	0	0	0	0	0	0	1	0	0	0	0	0	0	0	2	0	0	0	0	0	0	0	0	0
75e11a1971aeaf4bceed45d5bd52ce53	0	37	390	298	0	161	152	201	1	291	40	450	8	228	335	72	169	62	75	31	426	1	174	4	1	1109	0	0	4	210	148	40	210	145	434	0	161	194	1	11	1	0
75e49d0faa2a1dbdb373bfdb4c98901b	1	90	3	5	0	22	3	14	0	77	0	59	0	68	100	55	0	1	22	1	23	0	11	0	0	123	0	0	4	4	44	3	4	65	14	0	5	4	5	0	1	0
761b7b44ca978c1cb75cb0f0e9a40257	69	2460	846	230	1	321	438	459	1	428	169	422	150	3060	662	330	3056	79	232	324	860	0	533	1133	368	419	0	0	231	572	3136	635	235	251	1720	2	355	592	2254	964	3	0
777bb09680f007d60561de8e001b2d62	0	0	1	1	0	0	1	0	0	0	0	0	0	0	0	0	0	0	0	1	1	0	0	0	0	0	0	0	0	0	0	0	0	1	0	0	0	0	0	0	0	0
777f566a7ccdc12b2f5c346c1ec8e97f	0	0	0	0	2	0	0	0	0	0	0	0	0	0	0	0	0	0	0	0	0	0	0	0	0	0	1	0	0	0	0	0	0	0	0	0	0	0	0	0	0	0
781d2b3432935932ba9ce2b90df64a40	0	0	0	0	0	0	0	0	0	0	0	0	0	0	0	0	0	0	0	0	0	0	0	0	0	0	0	0	0	0	0	0	0	0	0	0	0	0	1	0	0	0
7854444d07e1b241543edd9c64b04796	0	0	0	0	0	0	0	2	1	0	0	0	0	0	0	0	0	0	0	0	0	0	1	1	0	1	0	0	0	0	0	0	0	0	0	0	0	0	0	0	0	0
7895e41db08437984ba2dae8e7b534c7	0	0	0	0	0	0	1	0	0	0	0	0	0	0	0	0	0	0	0	0	0	0	0	0	0	0	0	0	0	0	0	0	0	0	0	0	0	0	0	0	0	0
78a7198a5398b50b3e126505bb3663c4	0	0	0	0	0	0	0	0	0	0	0	0	0	0	0	0	0	0	0	0	0	0	0	0	0	0	0	0	0	0	0	0	0	0	0	52	0	0	0	0	0	0
7962d243b44c8c8141ad766b94c8f362	26	7	0	0	1	0	0	0	0	0	0	0	42	0	2	0	0	0	0	0	0	4	0	304	8	0	0	0	6	0	0	0	473	0	0	0	0	0	154	264	20	10
7a20a1a88d1904930e1f87b93a49e237	2	327	26	13	0	0	4	66	243	235	716	24	555	40	16	1	47	10	53	11	18	0	33	1124	59	5	0	0	679	4	76	18	21	25	7	0	21	2	202	3689	1667	0
7a4bfdd2e72833489b88afb10d1e04b5	0	0	0	0	0	0	0	7	0	0	0	0	0	0	0	0	0	3	2	0	1	0	0	0	0	0	0	0	0	0	0	1	4	0	0	0	0	0	0	0	0	0
7b2c1a4a286d1e8494d2160591217b87	0	0	1	0	0	0	0	0	0	0	0	0	1	0	0	0	0	0	0	0	0	0	0	0	0	0	0	0	0	0	0	0	0	0	0	0	0	0	0	0	0	0
7ba47ed4d1c9e7b4d22cbc5869e1b8ab	0	0	0	0	1	0	0	0	0	0	0	0	0	0	0	1	0	0	0	0	0	0	0	0	0	0	0	0	0	0	0	0	0	0	0	9683	0	0	25	0	0	28
7c8e4649317448b8fd4ab480e371f254	0	0	0	0	0	6	345	1	0	0	0	5	0	0	31	56	0	2	0	161	0	0	3	0	0	4	0	0	0	1	0	1	2	460	5	1	0	396	0	0	0	0
7de1921d8eddf01107e9d68d3472bfdb	0	0	0	0	1	0	0	0	0	0	0	0	2	0	0	0	0	0	0	0	0	0	0	0	0	0	0	6	0	0	0	0	0	0	0	1	0	0	0	0	0	0
7e7ee6d72640760e4b7d9f696eac7051	0	0	0	0	1	0	0	9	0	0	0	0	0	0	0	0	0	0	0	0	0	0	0	0	0	0	4	0	0	0	0	0	0	0	0	0	0	0	0	0	0	0
7eb55b17c3f9bed5064599732ed7b376	0	24	1297	102	0	129	25	19	0	260	1	172	63	15	19	75	14	10	40	54	42	0	79	1	0	175	0	1	0	45	5	59	31	133	179	0	6	26	1	0	1	0
7f2f9053d672e619ea40a73527cc4546	14580	19875	12576	4672	5	4828	2141	1063	4450	2813	13986	5459	44271	25470	23878	6060	5171	151	7084	3788	6403	13	9310	37	15954	9357	2	22	0	1055	14046	6060	2149	19664	9960	13	13726	2459	3	19	60021	9
7f42b92304c2fdf6954891cc9fa0cf30	0	0	0	0	3	0	0	2	0	0	0	0	0	0	0	0	0	0	0	0	0	0	0	0	0	0	25	0	0	0	0	0	0	0	0	1	0	0	0	0	0	0
7f696e39a0f8863a374ebfcd947d2340	2515	17320	488	109	1	25	54	175	926	111	430	109	1141	209	298	143	205	1	321	67	217	0	238	1114	567	246	0	4	1410	83	122	391	205	194	137	4	193	117	1065	11817	2110	0
7f7299e1ab1f303c0abf112897ebfc75	0	0	0	0	1	0	0	0	0	0	0	0	0	0	0	0	0	0	0	0	0	0	0	0	0	0	0	0	0	0	0	0	0	0	0	1	0	0	0	0	0	0
80009de62ccd5c16aa0a84ba135286a3	0	0	0	0	0	0	2	0	0	0	0	0	0	0	0	0	0	0	0	0	0	0	0	0	0	0	0	0	0	0	0	0	0	0	0	0	0	0	0	0	0	0
80c47874a2043f765709c9bded18cfd6	0	0	0	0	0	2	0	1	0	0	0	0	0	0	0	2	1	0	0	0	0	0	1	0	0	4	0	0	0	0	2	0	1	2	4	0	0	0	0	0	0	0
81fd1c36367ad9863116257767319634	2	298	256	234	0	61	17	342	0	261	1	223	325	195	200	145	291	43	411	116	227	0	71	31	1	441	0	1	9	118	157	232	338	455	382	0	41	38	78	2	2	0
824bba577a55732c46943bf7bfd160e4	0	1	0	0	0	0	0	0	0	0	0	0	0	0	0	0	0	0	0	0	0	0	0	0	0	0	0	0	0	0	0	0	0	0	0	2	0	0	12	0	0	3
82890eb6bd51a7fbf8070fce11302922	12	27	29	0	103	0	5	2	0	24	16	0	20	0	1	0	0	0	0	0	0	23	33	10	5	5	395	5	4	0	7	0	2	7	1	129	1	3	890	94	34	6
82e22e051185e77956e978b218e2bec6	1	0	0	0	0	0	2	3	5	0	0	0	0	0	0	0	0	0	0	0	0	1	0	94	11	0	5	0	0	0	0	0	0	0	0	0	0	0	11	4	2	5
836d435483c9812b120c2dbbacdf75c1	0	702	8839	513	0	688	2329	2046	13	975	3219	2673	2275	1524	3095	2386	131	318	3682	186	1606	2	2679	3	5	5660	0	3	286	612	1317	3713	1286	2450	8075	0	3806	3332	198	2	1	0
83d60edfb9c790d10410821cf548c7e6	0	0	1	0	0	0	0	0	0	0	0	0	0	0	0	0	0	0	0	0	0	0	0	0	0	0	0	0	0	0	0	0	0	0	0	0	0	0	0	0	0	0
8430255e8ad7458d993819ab751469d2	0	0	0	0	1	0	0	0	0	0	0	0	0	0	0	0	0	0	0	0	0	0	0	0	0	0	0	0	0	0	0	0	0	0	0	0	0	0	0	0	0	0
85a1e63ecaf79b533d8763608379fe3f	0	3	12	0	0	0	0	2	0	0	0	0	0	0	0	0	0	0	0	0	0	0	16	0	0	0	0	0	0	0	0	2	8	3	0	1	2	0	2	283	0	0
85d740a59de7df9b5a8916891177d1a0	0	1419	2768	321	0	713	407	366	535	586	798	357	437	943	701	519	305	239	365	44	552	1	1055	1658	861	848	0	0	3021	195	259	330	704	868	983	3	943	400	1087	1052	3	0
862f7123aed8c5ef588ad7360dc73a98	0	0	0	0	0	0	0	0	0	0	0	0	0	0	0	0	0	0	0	0	0	0	0	0	0	0	0	0	0	0	0	0	0	0	0	2	0	0	0	0	0	0
8637e7d856274de5141884986ddcccd0	0	0	0	0	0	0	0	0	0	0	0	0	0	0	0	0	0	0	0	0	0	0	0	0	0	0	1	0	0	0	0	0	0	0	0	0	0	0	0	0	0	0
8688da16e8d162cb65706962854106dc	0	0	0	0	3	0	0	0	0	0	0	0	1	0	0	0	0	0	0	0	0	0	0	0	0	0	3	0	0	0	0	0	0	0	0	0	0	0	0	0	0	0
86a0118f22efb9240ae67ae0e4cde52b	0	0	0	0	0	0	0	0	0	0	0	0	0	0	0	0	0	0	0	0	0	0	0	0	0	0	0	0	0	0	1	0	0	0	0	0	0	0	0	0	0	0
86e4c45f3d3298dc4a5e9392d19c25fb	0	0	0	0	0	0	0	0	0	0	0	0	0	0	0	0	0	0	0	0	0	0	0	0	0	0	0	2	0	0	0	0	0	0	0	0	0	0	0	0	0	0
86f27dba1006cb1eea530a72d9b68e3e	0	9	0	0	0	0	0	0	2	2	76	0	34	0	5	0	0	0	2	3	0	0	0	43	0	0	0	0	0	0	0	6	0	0	0	1707	1	11	152	95	7	0
8704d9b5610c7ff2de00e93ae5c1361b	56	2	0	0	0	0	0	0	0	0	0	0	2	0	0	0	0	0	0	0	0	0	0	0	0	0	0	0	0	0	0	0	0	0	0	111	0	0	0	0	0	0
8777be07d7302149971d2d7ffd39b82d	0	0	0	0	0	0	0	0	0	0	0	0	0	0	0	0	0	0	0	0	0	0	1	4	0	0	0	0	0	0	0	0	0	0	0	0	0	0	2	1	1	0
879b19acb1651487717eb4d2c48b353a	0	0	55	0	0	1	0	4	0	2	8	4	0	0	24	0	5	0	31	2	0	0	9	0	0	4	0	0	0	0	0	11	7	1	0	1	1	7	0	0	0	0
87ba98e7bec4a2c28ce17580c9661836	0	0	0	0	0	0	0	0	0	0	0	0	23	0	0	0	0	0	0	0	0	1	0	1	0	0	0	0	0	0	0	0	1	0	0	0	1	0	2	9	0	0
87dc7989832e72127506049e5e560456	2	0	0	0	1	0	0	0	0	0	0	0	3	0	0	0	0	0	0	0	0	0	0	0	0	0	10	0	0	0	0	0	0	0	0	10	0	0	0	0	0	0
8837b8eae033dd53cdf8f1969667921f	0	0	0	0	0	0	0	0	0	0	0	0	0	0	0	0	0	0	1	0	0	0	0	0	0	0	1	0	0	0	0	0	0	0	0	0	0	0	7	0	0	0
886b6888a30949b445eee779d8a04a01	0	0	73	38	0	3	21	6	0	13	0	13	0	38	26	6	4	1	4	5	43	0	27	6	3	34	0	0	7	3	11	4	17	30	12	0	17	21	7	36	0	0
886f5d0143e166e5646c50f9b771eb55	0	0	34	119	0	608	39	1012	2	346	0	1039	0	99	2896	310	28	283	317	113	548	0	6	3	1	1394	0	0	0	110	34	242	1451	9	16	0	9	96	1	0	0	0
88abbf1002bd8e4b68d6b59608a5b0ac	0	0	0	0	0	0	0	3	0	0	0	0	0	0	0	0	0	0	0	0	0	0	0	0	0	0	0	0	0	0	0	0	0	0	0	0	0	0	0	0	0	0
88e28c3082398dabca4cdee81af7e631	0	0	0	0	0	0	0	0	0	0	0	0	0	0	0	0	0	0	0	0	0	0	0	0	0	0	11	0	0	0	0	0	0	0	0	0	0	0	0	1	0	0
893584c1d064c864a99f90409392e175	2	0	0	0	0	0	0	0	0	0	0	0	1	0	0	0	0	0	0	0	0	0	0	0	0	0	0	0	0	0	0	0	0	0	0	0	0	0	0	0	0	0
896805b8044fc2eef371dd8a11addbfb	0	0	0	0	0	0	0	0	0	0	0	0	0	0	0	0	0	0	0	0	0	0	0	0	0	0	0	0	0	0	0	0	0	13	0	0	0	0	0	0	0	0
89c51e941a62949fb7d0df2a1adae634	1	0	1	0	0	0	0	0	0	0	0	0	0	0	0	0	0	0	0	0	0	0	0	3	0	1	0	0	0	0	0	0	0	30	0	0	0	0	0	0	0	0
8aed623595e952ae790a735e5dac6d0f	0	0	0	0	0	0	0	0	0	0	0	0	0	0	0	0	0	0	0	0	0	0	0	0	0	0	0	1	0	0	0	0	0	1	0	0	0	0	2	0	0	5
8afdd52cfba285f16dc4f8d909b687cd	0	1	3	0	0	0	0	0	0	0	0	0	0	0	4	0	0	0	0	0	0	0	0	0	0	0	0	0	0	0	0	0	0	0	0	0	0	0	0	0	0	0
8b041a75465e1ebc4a545418c027bf7f	0	0	0	0	0	0	0	0	0	0	0	0	0	0	0	0	0	0	0	0	0	0	0	0	0	0	0	0	0	0	0	0	0	0	0	0	0	0	0	0	0	1
8b28f153e28eb396b8d04b1a108f458b	0	0	0	0	0	0	1	0	0	0	0	0	0	0	0	0	0	0	0	0	0	0	0	0	0	0	0	0	0	0	0	0	0	0	0	0	0	0	0	0	0	0
8b454b6d3aec773d84fbf956bd330cd2	0	0	0	0	0	0	0	0	0	0	0	0	0	0	0	0	0	0	0	0	0	0	0	0	0	0	0	0	0	0	0	0	0	0	0	0	0	0	1	0	0	0
8b9b24031930260b7da94a866b856f1d	0	0	0	0	0	0	0	0	0	0	0	0	0	0	0	0	0	0	0	0	0	0	1	0	0	0	0	0	0	0	0	0	0	0	0	0	0	0	0	1	0	0
8ba21b478a8316afe1525c385e9614c9	23	0	132	18	0	8	0	12	0	0	0	0	0	50	0	6	2	1	86	4	16	0	25	308	23	0	0	0	66	0	47	39	12	0	0	0	32	0	0	0	0	0
8be937d3d09dbf58c0e28039b4e812ec	0	0	0	0	0	0	0	0	0	0	0	0	0	0	0	0	0	0	0	0	0	0	0	0	0	0	2	0	0	0	0	0	0	0	0	0	0	0	0	0	0	0
8c0f2df61a68d3d5dea8e060a728cbf6	1	0	20	9	0	6	1	7	2	8	0	9	0	3	10	4	5	0	26	5	12	0	0	117	12	43	0	0	43	2	3	8	11	7	18	4	5	5	1	0	0	0
8c5dc816d11953bb3556d593e65923bc	0	0	16	7	0	0	2	0	0	12	12	0	0	0	5	1	0	0	2	1	7	0	22	0	0	3	0	0	0	1	0	1	0	12	0	0	10	2	0	0	0	0
8cc93a095178cdd35bc9a7ffeaf0a9c0	0	1	4	0	0	0	0	1	0	1	0	0	0	0	0	0	0	0	0	0	0	0	0	1	0	1	0	0	0	0	0	0	0	0	0	0	0	0	0	1	2	0
8ce6b02cce22e76e6046f3324cb3578f	0	0	0	0	0	0	0	0	0	0	0	0	10	0	0	0	0	0	0	0	0	0	0	0	0	0	0	0	0	0	0	0	0	0	0	4	0	0	0	0	0	0
8da8def50394355232798c61358d9d81	0	0	0	0	0	0	0	0	0	0	0	0	6	0	0	0	0	0	0	0	0	0	0	0	0	0	0	0	0	0	0	0	0	0	0	4	0	0	0	0	0	0
8e20b56c8f2bfb13c1b83687c53e20b2	0	0	0	0	0	0	0	1	0	0	0	1	0	0	0	0	0	1	0	0	1	0	0	0	0	2	0	0	0	0	0	0	4	0	0	0	0	0	0	0	0	0
8e36846affd82ca0049fce0ee0d5abfb	0	5	0	0	0	0	0	0	0	0	0	0	0	0	0	0	0	0	0	0	0	0	0	1	0	0	0	0	0	0	0	0	2	0	0	0	0	0	0	0	0	17
8e5d9e69623b33ae274a0978ec0b8517	0	0	69	0	0	0	0	0	0	0	0	0	1	0	0	0	0	0	0	0	0	0	1	0	0	0	0	0	0	0	0	0	0	1	0	0	0	0	0	7	0	0
8e768175a62fdda321c3e75b79d3d10e	0	0	0	0	6	0	0	0	0	0	0	0	0	0	0	0	0	0	0	0	0	0	0	0	0	0	1	0	0	0	0	0	0	0	0	1	0	0	0	0	0	0
8ee06717ab451c2acfa150ec2446bfc4	3	50	395	25	0	392	5	24	0	42	12	44	4	19	12	28	39	1	18	1	33	1	28	75	2	97	0	0	16	15	30	5	16	58	49	6	13	26	3	153	1	0
8ee567345bfd86ee2234dc5e60a735bb	0	0	0	0	0	0	0	1	0	0	0	0	0	0	0	0	0	0	0	0	0	0	0	0	0	0	0	0	0	0	0	0	0	0	0	0	0	0	0	0	0	0
8f2b1f2dddd1c2df8615e0e674ac5634	0	0	0	0	1	0	0	0	0	0	0	0	0	0	0	0	0	0	0	0	0	0	0	0	0	0	0	0	0	0	0	0	0	0	0	4	0	0	0	0	0	0
8fcafc2f30108af2b54981b29e21ca71	1	0	0	0	0	0	0	0	0	0	0	0	0	0	0	0	0	0	0	0	0	0	0	0	0	0	0	0	0	0	0	0	0	0	0	0	0	0	0	0	0	0
901d8ed2db3df4a849784c0539dee341	0	0	0	0	0	0	0	0	0	0	0	0	0	0	2	0	0	0	0	0	0	0	0	0	0	0	5	0	0	0	0	0	0	0	0	0	0	0	1	1	3	0
90ac5152156a19ff1111a3b72feaccb9	0	0	0	13	0	0	0	38	0	0	0	0	0	0	0	0	0	1	0	0	45	1	0	0	0	0	0	0	0	0	0	0	2	0	0	0	0	0	0	0	0	0
90fe766416543b3abc7035af2e3e8920	0	0	0	0	0	0	0	0	0	0	0	0	1	0	0	0	0	0	0	0	0	2	0	0	0	0	0	0	0	0	0	0	0	0	0	0	0	0	0	0	0	0
911ae6d5501cd9b62dc375d642c6c287	0	0	8	18	0	9	0	11	0	13	0	13	0	30	60	19	15	4	5	6	49	0	7	0	0	25	0	0	0	1	12	1	15	1	0	0	16	1	0	0	0	0
91ccf38e4cb9444ef2c4b7023a8ed6f8	19	2	0	0	416	0	1	1	3	3	74	0	1010	0	3	0	0	0	0	0	0	0	0	6	2	0	810	3	1	0	0	0	0	0	0	1	0	0	0	144	9	0
91f2746472a331580e4b014eda21acd8	3	5	61	0	10	1	1	9	0	10	1	8	5	2	19	0	0	2	0	0	0	19	39	0	0	54	238	218	4	0	3	0	8	10	7	13	17	5	775	0	0	46
92231be8abff8119f569d56bbd35dbe3	0	0	0	0	0	0	0	0	0	0	0	0	0	0	0	0	0	0	0	0	0	0	0	0	0	0	0	0	0	0	0	0	0	0	0	12	0	0	0	0	0	1
92b4a0f2f321b4b0bef7412afb426cc1	12	0	185	0	4	2	0	20	0	14	3	2	16	3	1	0	0	10	0	0	0	47	113	2	0	20	163	47	8	0	3	1	65	24	11	38	56	17	857	0	0	11
939cb49beeba52fcf2adde275cb8b9c0	0	0	0	0	0	0	0	0	0	0	0	0	0	0	0	0	0	0	0	0	0	0	0	0	0	0	0	0	0	0	0	0	0	0	0	0	0	0	0	0	0	1
93c5c7061e12daa8bc7757bd75e8f740	0	0	0	0	0	0	0	0	0	0	0	0	0	0	0	0	0	0	0	0	0	0	0	0	0	0	0	0	0	0	0	3	0	0	1	0	0	0	0	0	0	0
94105d6d18a7c46f358a363d234fcd54	0	1	46	130	1	66	1	896	0	17	0	139	0	16	253	6	13	215	187	25	139	0	7	1	92	218	0	0	0	26	28	197	737	18	35	0	10	8	0	1	1	0
9468c812778e9b3a15574581aa0b49c5	0	0	3	52	0	86	4	77	0	45	0	100	0	1	96	8	7	13	70	25	65	1	0	1	0	181	0	0	0	23	2	18	133	2	41	0	2	12	0	0	0	0
94f475b5006bc6db58a194308ea05ed9	0	0	0	0	0	0	0	0	0	0	0	0	0	0	0	0	0	0	0	0	0	0	0	0	0	0	1	0	0	0	0	0	0	0	0	0	0	0	2	0	0	0
9554da2127983267183f95068a1ca93a	0	0	1	0	0	0	0	0	0	1	0	0	0	0	0	0	0	0	0	0	0	0	0	0	0	0	0	0	0	0	0	0	0	0	0	0	0	0	0	0	0	0
969caa45f84960d6aeb4bd7e00b1d85c	0	1	0	0	0	0	0	0	0	0	0	0	6	0	0	0	0	0	0	0	0	0	0	81	2	0	0	0	5	0	0	0	14	0	0	0	0	0	1	63	2	0
9704082a43904a60aa685679362c5c03	0	0	0	0	0	0	0	0	0	0	0	0	0	0	0	0	0	1	0	0	0	0	0	0	0	0	0	0	0	0	0	0	0	0	0	0	0	0	0	0	0	0
976326c8a9cc9c1b57cc7babe30715f8	0	12	13	4	38	1	0	1	0	0	1	0	0	0	1	0	0	0	6	2	4	0	9	24	0	2	14	0	6	0	0	4	2	2	0	1	13	1	24	0	0	34
9770544c8643297fa85b25ef18e0e313	0	0	0	0	1	0	0	0	0	0	0	0	0	0	0	0	0	0	0	0	0	0	0	0	0	0	0	0	0	0	0	0	0	0	0	0	0	0	0	0	0	3
97f89ac664746c6df0831b4216693d68	0	0	0	0	0	0	0	0	0	0	0	0	0	0	0	0	0	0	0	0	0	0	0	2	0	0	0	0	0	0	0	0	0	0	0	0	0	0	5	0	0	3
980c6568fc8e6b8714422fb5a9249b8c	0	0	0	0	0	0	0	0	0	0	0	0	0	0	0	0	0	0	0	0	0	0	0	0	0	0	0	1	0	0	0	0	0	0	0	0	0	0	0	0	0	0
9877682e82910f862b9f6a00a8451737	3	1	0	0	0	0	160	1	733	0	0	0	292	0	0	0	0	0	54	0	2	1141	0	0	0	0	0	26126	0	0	0	50	0	0	0	0	1	7	889	1	714	0
99bdf540e0dd2f79783b01d1429fbab3	0	31	0	1	0	0	0	226	0	0	0	146	0	0	2	0	0	32	103	0	0	0	0	0	0	137	0	0	0	0	0	25	166	0	0	0	0	0	0	0	0	0
9a84d9844cfe0b2bd966490ed527d63d	0	0	0	0	0	0	0	0	0	0	0	0	0	0	0	0	0	0	0	0	0	0	0	1	0	0	0	0	0	0	0	0	0	0	0	0	0	0	0	8	0	0
9a9a12e8fba56be7a2fa43e9e7d47f4c	726	788	1	3	1	1	44	0	225	1	1	14	669	97	3	0	19	0	0	2	10	19327	0	186	3	0	1	2482	153	1	3	2	25	4	0	4	1	0	13448	6460	181	48226
9a9eee1f2d7da98dd638830583ca681e	0	0	0	0	0	0	0	0	0	0	0	0	0	0	0	0	0	0	0	0	0	0	0	0	0	0	0	0	1	2	3	0	1	1	0	0	0	0	0	0	0	0
9ab9c885a828d4721c4b00dde1d122fa	0	0	1	2	0	0	0	0	0	5	0	0	0	2	0	2	11	0	1	0	3	0	0	0	0	5	0	0	0	2	10	0	0	0	5	0	0	0	0	0	0	0
9b4bba5c017f12d300196bd9c55917e3	0	0	0	0	0	0	0	0	0	0	0	0	0	0	0	0	0	0	0	0	0	0	0	0	0	0	0	0	0	0	0	0	0	0	0	0	0	0	0	0	0	1
9c93d77928e17559a2b621a02e89efed	0	0	0	0	0	0	0	0	0	0	0	0	0	0	0	0	0	0	0	0	0	0	0	0	0	0	0	0	0	1	0	0	0	0	0	0	0	0	0	0	0	0
9c9b2305916715fd18d7c5b3e6781afe	0	0	0	0	0	0	0	0	0	0	1	0	0	0	0	0	0	0	0	0	0	0	0	0	0	0	0	0	0	0	0	0	0	0	0	2	0	0	0	0	0	0
9cabb895acc6c0d0abfb1c025c05bcbf	0	1	0	0	0	0	0	0	0	0	0	0	0	0	0	0	0	0	0	0	0	0	0	0	0	0	0	0	0	0	0	0	0	0	0	0	0	0	6	1	0	16
9cb600784c1bd64f7cb2b43991065d10	0	0	0	0	0	0	0	0	0	0	0	0	0	0	0	0	0	0	0	0	0	0	0	0	0	1	0	0	0	0	0	0	0	3	0	0	0	0	0	0	0	0
9cbeb2643b880f3ad15a4bf0423b946b	0	1	8	0	0	0	0	0	0	3	0	7	0	0	9	2	0	0	2	0	1	0	0	0	0	8	0	0	0	0	0	2	0	0	0	1	0	3	0	1	1	0
9cc844b155617183e30851b6fe28d35f	0	0	0	0	0	0	0	0	0	0	0	0	1	0	0	0	0	0	0	0	0	0	0	0	0	0	0	0	0	0	0	0	0	0	0	0	0	0	0	0	0	0
9cd6a430211e9973e46caf19830eb7a0	0	0	0	0	2	0	0	0	0	0	0	0	0	0	0	0	0	0	0	0	0	0	0	0	0	0	0	0	0	0	0	0	0	0	0	0	0	0	0	0	0	0
9d6a6c9b58333898e778cbe42efbe0e3	0	0	0	0	0	0	0	0	0	0	0	0	0	0	0	0	0	1	0	0	0	0	0	0	0	0	0	0	0	0	0	0	0	0	0	0	0	0	0	0	0	0
9db101f0bbcce5778617594b04eb8d9f	0	0	0	0	0	0	0	0	0	0	0	0	0	0	0	0	0	0	0	0	0	0	0	0	0	0	0	0	0	0	0	0	0	0	0	1	0	0	0	0	0	0
9f608117cf8f1a9907ad9349af8b8ea0	33	6	10	5	8	0	43	42	15	1	0	3	3	6	5	1	13	0	5	1	7	43	4	593	62	6	125	0	0	0	2	12	0	11	0	0	2	3	91	196	188	35
9f819ed41ca3656d4bc9c2fc9e5d1c4f	58	17	229	0	4	13	2	99	0	7	68	3	37	20	10	13	11	4	2	0	2	2	356	4	3	36	1	267	33	3	47	2	63	101	37	16	107	23	61	15	31	146
9f9eb50d341c620576187748514aa800	0	0	0	0	2	0	0	0	0	0	0	0	0	0	0	0	0	0	0	0	0	0	0	0	0	0	0	0	0	0	0	0	0	0	0	1	0	0	0	0	0	21
a07b1387c945270bd71ea741affa7579	112	187	0	1	367	1	0	0	14	0	0	0	10739	0	25	0	0	0	1	3	0	1	0	0	0	0	946	0	3	1	0	0	0	0	0	1917	1	0	23	92	14	0
a08d87e6b310c6719adf5b511e7dd0ac	0	1	0	0	0	0	0	0	0	6	0	1	0	1	0	0	0	0	0	0	0	0	1	0	0	15	0	0	0	1	0	0	0	0	18	0	0	0	0	0	0	0
a09493fb6cedb9346b51959081339526	2	0	0	0	0	0	0	0	0	0	0	0	0	0	0	0	0	0	0	0	0	0	0	0	0	0	0	0	0	0	0	0	0	0	0	0	0	0	0	0	0	0
a1638c0e96d31412cde5f3ecaab193b8	0	0	0	0	0	0	0	0	0	0	0	0	10	0	0	0	0	0	0	0	0	0	0	0	0	0	0	0	0	0	0	0	0	0	0	0	0	0	0	0	0	0
a18567a582d422ef50d99fc5d6aad3f3	0	2	3	0	0	3	0	0	0	0	0	0	0	1	0	0	0	0	0	0	0	0	2	1	0	0	0	0	8	1	3	0	0	0	2	0	0	0	0	0	0	0
a1acdb90a2ffe8fecce1dad7b4367c56	0	0	4	0	0	0	0	0	0	0	0	0	0	0	0	0	0	0	0	0	0	0	0	0	0	1	0	0	0	0	0	0	1	0	0	0	0	0	0	0	0	0
a20d7b87183fae496e19b05b42ffc920	0	0	0	0	0	0	0	0	0	5	0	0	0	0	0	0	0	0	0	0	0	0	0	0	0	3	0	0	0	0	0	0	0	0	0	0	0	0	0	0	0	0
a25098460c8c486573b42ffb33dce0aa	9	7	0	0	29	0	0	2	2	0	0	0	28	0	2	0	0	0	0	0	0	0	0	0	0	0	49	0	1	0	0	0	0	0	0	9	0	0	0	3	3	0
a26edef6955445763c08030b12b8ec36	468	20455	21446	4060	3	10675	6550	8094	55	6804	1	6014	4778	12261	7657	4505	3012	2315	7098	2191	3765	1	4702	7	37	12181	1	6	1	1743	4816	2516	12632	10212	8263	2	5962	4727	159	2	3	4
a29ba51536a1aa71ee8b795abf01250a	0	0	0	0	0	1	0	0	0	0	0	0	0	0	0	0	0	0	0	0	1	0	0	0	0	1	0	0	0	0	0	1	0	0	2	0	0	0	0	0	0	0
a3c635b7542845cc0dceb16e43af2416	0	0	0	0	0	0	0	0	0	0	0	0	0	0	0	0	0	0	0	0	0	0	0	0	0	0	0	0	0	0	0	0	0	0	0	0	0	1	0	0	0	0
a464d68b8e2891b3c8fa2802bc6bbe5a	0	0	0	0	0	0	0	0	0	0	0	0	0	0	0	0	0	0	0	0	0	0	0	0	0	0	0	0	0	0	0	0	0	0	1	0	0	0	0	0	0	0
a47c1ac527b3d356a9c19c6f208b0ae1	0	764	0	0	0	0	378	112	0	0	0	0	0	0	0	0	0	27	0	133	0	0	1	0	0	0	0	0	0	0	0	0	166	1	0	0	0	1120	0	0	0	0
a49c5c781ea1fd072df134cd6c87503c	0	0	0	0	0	0	0	0	0	0	0	0	0	0	0	0	0	0	0	0	0	0	0	0	0	0	0	0	0	0	0	0	0	1	0	0	0	0	0	0	0	0
a5f696ce66620cc24bbcdc88374080d7	0	0	0	0	0	0	0	1	0	0	0	0	0	0	0	0	0	0	0	0	0	0	0	0	0	0	0	0	0	0	0	0	0	0	0	0	0	0	0	0	0	0
a60578c079a320513729d84e1b104d3c	12	0	0	0	0	0	0	0	0	0	0	0	0	0	0	0	0	0	0	0	0	0	0	0	0	0	0	0	0	0	0	0	0	0	0	0	0	0	0	0	0	0
a67a52d3604c06accbcbdc0f91805d98	72	0	0	0	0	0	0	0	0	0	0	0	13	0	0	0	0	0	0	0	0	1	0	0	0	0	0	0	0	0	0	0	0	0	0	0	0	0	0	0	0	0
a6f9741c4e247a5705020aa58dc70127	2	115	0	2	0	0	11	2	0	0	0	0	7	1	0	0	2	0	0	0	2	64	0	0	0	0	0	0	0	0	1	4	0	0	0	0	0	1	1	283	10	0
a708fec3034742941db2e9647a4cdd98	0	0	0	0	0	0	0	0	0	0	0	0	0	0	0	0	0	0	0	0	2	0	0	0	0	0	0	0	0	0	0	0	0	0	0	0	0	0	0	0	0	0
a74d11fde3dbf2119c5515f22c5a2e6f	0	0	0	0	0	0	0	0	0	0	0	0	0	0	0	0	0	0	0	0	0	0	0	0	0	0	0	1	0	0	0	0	0	0	0	0	0	0	0	0	0	0
a74fd43302f6c2d34ae33cddd502d9bc	0	0	0	0	0	0	0	0	0	0	0	0	0	0	0	0	1	0	0	0	0	0	0	0	0	0	0	0	0	0	0	0	0	0	0	0	0	0	0	0	0	0
a7653fdff0a78ccae174e284adfb4588	0	9	18	17	0	18	8	51	0	3	0	11	0	13	12	21	8	1	7	5	36	0	2	0	2	57	0	0	1	61	23	17	28	5	17	0	4	17	0	1	0	0
a78c4b4066a0bf696ddb194cc693550d	0	0	0	0	0	0	0	0	0	0	1	0	0	0	0	0	0	0	0	0	0	0	0	0	0	0	0	0	0	0	0	0	0	0	0	0	0	0	0	0	0	0
a7c625cc29954e0639268b560c0787bd	2	0	0	0	2	0	0	0	0	0	0	0	0	0	0	0	0	0	0	0	0	1	0	0	0	0	0	0	0	0	0	0	0	0	0	40	0	0	0	1	0	0
a7d693364ae9d88b8e669d63d438f729	0	0	0	0	0	0	0	0	0	0	0	0	0	0	0	0	0	0	0	0	0	0	0	0	0	0	0	0	0	0	0	0	0	40	0	0	0	0	0	0	0	0
a827fbab9620da145ec457859a571e81	0	0	0	0	1	0	0	0	0	0	0	0	0	0	0	0	0	0	0	0	0	0	0	0	0	0	0	0	0	0	0	0	0	0	0	0	0	0	0	0	0	0
a83806580b762036d16df15435d07df5	0	0	0	0	0	0	0	0	0	0	0	0	0	0	0	0	0	0	0	0	0	0	0	0	0	0	0	0	0	0	0	0	0	1	0	0	0	0	0	0	0	0
a85740db9519fe58cd206d51bfce6b00	0	10	0	0	0	3	0	0	1	0	0	0	0	0	0	0	0	0	0	0	1	0	0	0	0	0	0	0	0	1	0	0	0	0	5	0	0	1	0	0	0	0
a85a1bf5e8f926dc2a0ff54fe3f14739	0	2	0	0	0	0	0	0	0	0	0	0	0	0	0	0	0	0	0	0	0	0	0	0	0	0	0	0	0	0	0	0	0	0	0	0	0	0	0	0	0	0
a86342cae9dde860a2a005c7d87ed09c	0	0	2	0	0	0	0	3	0	0	0	0	0	0	2	0	0	0	0	0	1	0	0	0	0	2	0	0	0	0	0	0	0	0	0	0	0	1	0	0	0	0
a8a59c1176a393ae5a6b11c734a5bea1	0	0	0	0	0	0	0	0	1	0	0	0	0	0	0	0	0	0	0	0	0	0	0	0	0	0	0	0	0	0	0	0	0	0	0	0	0	0	0	0	0	0
a8c44a7b988047fb87aeb6d321cc9a0b	0	0	1	0	0	0	0	0	0	0	0	0	0	0	0	0	0	0	0	0	0	0	0	0	0	0	0	0	0	0	0	0	0	0	0	0	0	0	0	0	0	0
a9008321801a31cb6135c72876ef9cde	0	0	0	2	0	0	0	0	0	0	0	0	0	0	0	0	1	0	0	0	0	0	0	0	0	0	4	9	1	0	0	0	0	0	0	0	1	0	7	0	0	0
a96000f5fd21e42811eab0ff9e3c2eed	0	0	8	0	0	0	0	1	0	0	0	0	1	0	10	0	2	0	1	2	0	0	1	11	0	2	0	0	0	0	0	2	2	0	0	0	0	0	0	5	0	0
a97c0488fab4bf0af54c02bef27b05be	0	0	0	0	0	0	1	0	0	0	0	0	0	0	0	0	0	0	0	0	0	0	0	0	0	0	0	1	0	0	0	0	0	1	0	0	0	0	0	0	0	0
a97e5b1a8131fe0aaaa3e97450c7ff7f	0	1	0	0	0	0	0	0	0	0	0	0	0	0	0	0	0	0	0	0	0	0	0	0	0	0	0	0	0	0	0	0	0	0	0	0	0	0	0	0	0	0
a9aae6bd0c77f163c8c4804fa8ea7a8e	0	0	0	0	0	0	0	0	0	0	0	0	0	0	0	0	0	0	0	0	0	0	0	0	0	0	1	0	0	0	0	0	0	0	0	1	0	0	0	0	0	0
a9c4e63dc4e4f1ca88e30f6e585675db	0	0	0	0	0	0	0	0	0	0	0	0	0	0	0	0	0	0	2	0	0	0	0	0	0	0	0	0	0	0	0	2	0	0	0	0	0	0	0	0	0	0
a9d23ac948b3f08073177fe120267279	0	0	0	0	1	0	0	0	0	0	0	0	1	0	0	0	0	0	0	0	0	0	0	0	0	0	0	0	0	0	0	0	0	0	0	0	0	0	0	0	0	0
aa1473feb90a23a76972c7a86d995ff0	0	0	17	0	0	2	0	12	0	5	0	0	0	0	8	2	0	2	0	2	1	0	0	0	0	0	0	0	0	2	0	0	2	0	12	0	10	0	28	0	0	0
aa34533ca3f57c72de81dea6c0fa1c76	0	0	0	0	0	0	0	0	0	0	0	0	0	0	0	0	0	0	0	0	0	0	0	0	0	0	0	3	0	0	0	0	0	0	0	0	0	0	0	0	0	0
aa4e5543b25ee17fd8c2f423dbe24466	0	0	0	0	0	0	0	0	0	0	0	0	0	0	0	0	0	0	0	0	0	0	0	0	0	0	17	0	0	0	0	0	0	0	2	0	0	0	0	0	0	0
aa63b5c9f0ea2287fa7c26d052bcc9ba	0	0	0	0	0	0	0	0	0	0	0	0	0	0	1	0	0	0	0	0	0	0	0	0	0	0	0	0	0	0	0	0	0	0	0	0	0	0	0	0	0	0
aa7080c717f3ac34b8461c3bd4a795a3	0	0	4	0	0	0	5	0	0	0	0	0	0	0	0	0	0	0	0	0	0	0	0	0	0	0	0	0	0	0	0	1	0	0	0	0	1	2	0	0	0	0
aaa2b9811f5ee68fcc7326ed380c6a00	0	0	0	0	0	0	0	0	0	0	0	0	0	0	0	0	0	0	0	0	0	0	0	0	0	0	0	0	0	0	0	0	0	0	0	7	0	0	0	0	0	0
aab54cd35147cb2c349af655ae26497f	0	0	0	0	0	0	0	0	0	0	0	0	0	0	1	0	0	1	0	0	0	0	0	0	0	0	0	0	0	0	0	1	2	0	0	0	0	0	0	0	0	0
aaedfc3b1e2fedc25cd36eb90130619e	0	0	0	0	0	0	0	0	1	0	0	0	3	0	0	0	0	0	0	0	0	3	0	1	0	0	0	0	1	0	0	0	0	0	0	0	0	0	16	0	4	39
ab4045811ef2547b6e8fb199be8882d0	0	0	0	0	0	0	0	0	0	0	0	0	1	0	0	0	0	0	0	0	0	0	0	0	0	0	0	0	0	0	0	0	0	0	0	0	0	0	0	0	0	0
ab48b28d837d70d510f6afbed8f6b9f6	0	1	0	0	0	0	0	0	0	0	0	0	0	0	0	0	0	0	0	0	0	0	0	0	0	0	0	0	0	0	0	0	0	0	0	0	0	0	0	2	0	0
abc1e405bc402cd1b44ff2dd4ce5f43b	1	0	0	4	0	0	0	0	0	0	0	1	0	0	1	0	0	0	2	0	4	0	0	8	1	0	0	0	0	0	0	2	0	3	0	0	0	0	0	0	0	0
ac37785d6dfe19e673bea9eb4a167c3e	0	0	0	0	1	0	0	0	0	0	0	0	0	0	0	0	0	0	2	0	0	0	3	2	0	0	0	1	0	0	0	0	0	0	0	0	0	0	4	0	0	0
ac71961eab15755953e77c7c1f9b7eeb	0	0	1	1	0	0	0	0	0	0	0	1	0	0	0	0	0	0	0	0	0	0	0	0	0	0	0	0	0	0	1	1	0	1	0	0	0	0	0	0	0	0
ac903b9245d9dddc7d2969bdc41ddaa4	8013	1	5198	312	1	540	25	275	84	0	1	1	0	1352	2	284	269	78	3592	311	687	2	1358	54707	5293	4	0	1	19989	2	2491	1935	497	2	6	0	1828	13	50	6	0	0
acdb495a92a12fbf091c5f6304388e61	0	0	0	0	2	0	0	0	0	0	0	0	0	0	0	0	0	0	0	0	0	0	0	0	0	0	0	0	0	0	0	0	0	0	0	0	0	0	0	0	0	0
ad2c54567bdda02e1e84aadd3f83aaf2	0	0	32	4	0	2	1	14	0	19	2	32	87	5	17	2	2	0	12	0	24	0	1	0	0	55	0	0	0	9	0	9	4	4	17	0	4	2	47	0	0	0
adb39f609311e118e33934e3c244c5e8	0	0	0	0	0	0	0	0	0	0	0	0	0	0	0	0	0	0	0	0	0	0	0	0	0	0	2	0	0	0	0	0	0	0	0	0	0	0	0	0	0	0
ae321d615d0820ce23fbb8417a40e5eb	0	0	0	0	0	0	0	0	0	0	0	0	2	0	0	0	0	0	0	0	0	0	0	0	0	0	0	0	0	0	0	0	0	0	0	0	0	0	0	2	1	0
ae684978fb62e0b892f11f1a0cfb16d5	0	0	0	0	0	0	0	0	0	0	0	0	0	0	0	0	0	0	0	0	0	0	0	0	0	0	0	0	0	0	0	0	0	0	0	0	0	0	1	0	0	0
aeaea94bc8e21e9e27706964fbd76b6b	0	0	0	0	0	0	0	1	0	0	0	0	0	0	0	0	3	0	0	0	0	0	0	0	0	0	0	0	0	0	1	0	0	0	0	0	0	0	0	0	0	0
aec77093256cc7dc8ac3069c9bb48eda	0	0	0	0	0	0	0	0	0	0	0	0	0	0	0	0	0	0	0	0	0	0	0	0	0	0	0	0	0	0	0	0	0	0	0	0	0	0	0	0	15	0
af151c808cec8937f9cfc1db1620c1ff	3	0	0	0	0	0	0	0	0	0	0	0	0	0	0	0	0	0	0	0	0	0	0	0	0	0	0	0	0	0	0	0	0	0	0	0	0	0	0	0	0	0
af3335dc781a08da964063d0f25b664e	0	0	0	0	0	0	0	0	0	0	0	0	0	0	0	0	0	0	0	0	0	0	0	0	0	0	2	0	0	0	0	0	0	0	0	0	0	0	0	0	0	0
affdc5ba4acce4ebd6e0590b6127da99	0	0	24	0	0	0	9	0	0	0	0	0	0	0	0	0	0	0	0	6	0	0	7	0	0	0	0	0	0	0	0	0	1	0	0	0	11	0	0	0	0	0
b000f5646baee55a37be996ca25ba108	0	0	0	0	0	0	0	0	0	0	0	0	1	0	0	0	0	0	0	0	0	0	0	0	0	0	0	0	0	0	0	0	0	0	0	0	0	0	0	0	0	0
b0e583960db998a171616bf164b5e235	0	0	27	0	0	0	0	0	0	0	0	0	0	0	0	0	0	0	0	0	0	0	5	0	0	0	0	0	0	0	0	0	0	0	0	0	3	0	0	0	0	0
b11acdf14785c4094f775c9b8528c721	5	0	0	0	0	0	0	0	0	0	0	0	0	0	0	0	0	0	0	0	0	0	0	0	0	0	0	0	0	0	0	0	0	0	0	0	0	0	0	0	0	0
b1399ffb11384b5953eb211e5f82ea5e	0	0	0	0	0	0	0	0	0	0	0	0	12	0	0	0	0	0	0	0	0	0	0	0	0	0	0	0	0	0	0	0	0	0	0	1	0	0	0	0	0	0
b1c65f90256c9d318bdec2a4f3279cdf	0	0	0	0	0	0	0	0	0	0	0	0	0	0	0	0	0	0	0	0	0	0	1	0	0	0	0	0	0	0	0	0	0	0	0	0	0	0	0	0	0	0
b1d762fb928aee962c72b3f25404b155	0	0	0	0	0	0	0	0	0	0	0	0	0	0	0	0	0	0	0	0	0	0	0	0	0	0	0	0	0	0	2	10	0	0	0	0	0	0	0	0	0	0
b211e10e733ffcc8dd8758809cdc3bf2	0	0	0	0	0	0	0	0	0	0	0	0	0	0	0	0	0	0	0	0	0	0	0	0	0	0	0	0	2	0	0	0	0	0	0	0	0	0	0	0	0	0
b2c8b5b8ed339030aa2c1445d59c585e	9	2	4	1	0	0	2	3	3	0	0	10	374	13	11	0	1	0	31	0	0	0	2	0	4	0	0	0	1	1	5	2	0	1	28	0	0	0	19	0	0	0
b2fbe4feb681afed83daf10ec8eecfc5	0	272	705	3	0	1	21	9	0	87	61	35	3	22	89	14	27	4	51	17	43	0	17	44	3	116	0	0	1	1	15	51	4	27	5	0	32	47	88	123	103	0
b2fcbefe07bf6184a3306697b3f48bcc	0	0	0	0	0	0	0	0	0	0	0	0	0	0	0	0	0	0	0	0	0	3	0	0	3	0	0	0	0	0	0	0	0	0	0	6	0	0	0	1	0	0
b33a15b348e1c4f1412bae7863b188c8	0	0	0	0	0	0	0	0	0	0	0	0	0	0	7	0	0	0	0	0	0	0	0	0	0	0	0	0	0	0	0	0	0	0	0	0	0	0	0	0	0	0
b3c684214c7afbe7d51799950cdf2191	0	0	1	0	0	0	0	0	0	0	0	0	0	0	1	0	0	0	0	0	0	0	0	0	0	0	0	0	0	0	0	0	0	0	0	0	0	0	0	0	0	0
b3d3891e0b54cba6ecddbf8665c01466	0	0	0	0	0	0	0	0	0	0	0	0	0	0	0	0	0	0	0	0	0	0	0	0	0	0	0	0	0	0	0	0	0	0	0	0	0	0	1	0	0	0
b4046a3cf99582cc3e1a251940b1f9dc	0	11	0	0	0	0	0	0	0	0	0	0	68	0	2	0	0	0	0	0	0	0	0	0	0	0	4	0	0	0	0	0	0	0	0	0	0	0	0	0	0	0
b459346302631e31c4fbe8c26b6bf041	0	0	0	0	0	0	72	0	11	0	0	0	0	0	0	0	0	0	0	1	0	0	0	0	0	0	0	0	0	0	0	0	0	0	0	0	0	0	0	0	0	0
b478a77ab26c6a2cbb625ea166ac2b1b	0	0	0	0	0	0	0	0	0	0	0	0	2	0	0	0	0	0	0	0	0	0	0	0	0	0	0	0	0	0	0	0	5	0	0	0	0	0	0	3	0	0
b513c3cf86e184b7b2f5852152c3ca50	21	50	128	38	96	88	1167	30	0	890	23	1434	3509	144	1148	6	33	5	161	78	32	1	48	3	1	228	24	0	0	22	339	24	12	3270	307	0	49	526	2	0	16	0
b5198206af9ddc543b1d02bceb95c872	0	7	70	0	0	0	8	3	0	5	6	3	1	1	8	2	0	0	3	2	3	0	7	3	0	10	0	0	2	0	1	7	3	1	0	0	4	7	4	18	6	0
b5b02bcced174caa6c7c26ba8f420a07	0	0	0	0	0	0	0	0	0	0	0	0	0	0	0	0	1	0	0	0	0	0	0	0	0	0	0	0	0	0	0	0	0	0	0	0	0	0	0	0	0	0
b6bd9210c64cd383653d8f9e14b1b4db	0	0	0	0	0	0	0	1	0	0	1	0	0	0	0	0	1	0	0	0	0	1	2	0	0	0	0	0	0	0	0	0	0	1	1	0	1	0	0	1	0	0
b72b73feb2518dbe5d06f60c0c0680d5	0	0	0	0	0	0	0	0	0	0	0	0	0	0	0	0	0	0	0	0	0	0	0	1	0	0	0	0	0	0	0	0	0	0	0	0	0	0	0	0	0	0
b734653e047f82d428c3bd8c94809fc2	4	0	131	7	0	4	1	10	4	31	0	3	0	57	26	156	15	1	0	5	10	0	55	1	19	28	0	0	1	1	30	19	4	13	0	0	57	2	0	0	0	0
b734b11c164c4634b1590b3b393488f4	2610	1	1	4	0	0	2	0	0	0	0	0	0	0	0	0	2	0	0	0	92	1	0	1909	3169	0	1	0	688	0	0	0	0	0	0	1	0	0	1	2	1	1
b75f01dac8adfca7930aead72331b55e	0	0	0	0	0	0	0	0	0	0	0	1	0	0	0	0	0	0	0	0	0	0	0	0	0	0	0	0	0	0	0	0	0	0	0	0	0	0	0	0	0	0
b7758fb9038a92fa32c3a9d311425f44	1	0	0	0	0	0	0	0	0	0	0	0	0	0	0	0	0	0	0	0	0	0	0	0	0	0	0	0	0	0	0	0	0	0	0	0	0	0	0	0	0	0
b8088b6d2d44502156307e8aca9c5cf3	0	0	57	6	0	3	0	39	0	10	0	6	0	1	14	3	1	5	7	0	22	0	3	0	0	29	0	0	0	6	3	6	21	2	37	0	13	1	1	0	0	0
b83e35b822dc1182fd8302daa1758954	0	0	0	138	0	0	7	320	41	0	0	244	0	0	443	0	19	154	400	50	153	0	0	0	224	243	2	0	0	0	1	361	656	108	0	0	0	6	0	0	0	0
b860f74211a9c57dcd7bd69178c5f212	0	1	6	1414	0	0	2	2	0	0	0	0	0	0	0	0	4	1	9	9	7333	0	1	0	0	1	0	0	0	0	1	5	2	0	3	0	0	4	0	1	0	0
b88825654b1e59c7c59d0a06bb268aa0	0	0	0	0	0	0	0	0	0	0	0	0	0	0	0	0	0	0	0	0	0	0	0	0	0	0	0	0	0	0	0	0	0	0	0	31	0	0	1	0	0	0
b8f858ae9a5735050d558956614f9e25	0	0	0	0	0	0	0	0	0	0	0	0	0	0	0	0	0	0	5	0	0	0	0	0	0	0	0	0	0	0	0	4	0	0	0	0	0	0	0	0	0	0
b91a33af208438fbe6325ceb0b61bfe4	0	0	0	0	0	0	4	1	0	0	0	0	2	0	0	0	0	0	0	0	0	0	0	0	0	0	0	0	0	0	0	0	0	0	0	0	0	0	1	0	0	0
b95d9cbea83f8b5e223e7e39e8769677	0	0	0	0	0	0	0	0	0	0	0	0	0	0	0	0	0	0	0	0	0	0	0	0	0	0	0	0	0	0	0	0	0	0	0	0	0	0	0	0	0	1
b9d1e6e437dbdde0847c87c20d16d0c1	4	0	0	0	0	0	0	0	0	0	0	0	2	0	0	0	0	0	0	0	0	0	0	0	0	0	0	0	0	0	0	0	0	0	0	0	0	0	0	0	0	0
ba1d2b0e7bfb861cbc2a446488327ce1	9497	326	0	0	3	0	0	0	0	0	0	0	29	0	0	0	0	0	0	0	0	0	0	0	0	0	2	0	0	0	0	0	0	0	0	1	0	0	0	0	0	1
ba73e2fb31f703e62b13b3a4ce5874f2	0	0	1	0	0	0	0	0	0	0	0	0	0	0	0	0	0	0	0	0	0	0	0	0	0	0	0	0	0	0	0	0	0	0	0	0	0	0	1	0	0	1
bab0cac78efea9180cf338d8e79cc041	4	0	0	0	0	0	0	0	0	0	0	0	19	0	0	0	0	0	0	0	0	0	0	0	0	0	0	0	1	0	0	0	0	0	0	0	0	0	0	8	0	0
bafd85d4f0768e103989241ec7e67b8f	0	321	1	0	0	0	0	1	43	0	1	0	0	0	0	0	0	0	0	0	0	22	0	17	85	0	0	53	313	0	0	0	7	0	0	201	0	0	1	2	2	0
bb947d3ae4fbcb35d5c20325076a39e2	0	0	0	0	0	0	0	0	0	0	0	0	0	0	0	0	0	0	0	0	0	0	0	0	0	0	0	0	0	0	1	0	0	0	0	0	0	0	0	0	0	0
bbc1d56a39573eee5c1a56ca982ef9f0	0	7	0	0	0	0	0	0	0	0	0	0	1	0	0	0	0	0	0	0	0	0	0	0	3	0	0	0	0	0	0	0	1	0	0	0	0	1	6	2	0	0
bc37af977fb78cea83dc771d29a2bf5d	0	0	0	1	0	0	0	0	0	0	0	1	0	0	0	0	0	0	2	0	0	0	0	0	0	0	0	0	0	0	0	0	0	0	0	0	0	0	0	0	0	0
bc6afe2c0a583342ca4afafab335e344	0	0	0	0	0	0	0	0	0	0	0	0	0	0	0	0	0	0	0	0	0	0	0	0	0	0	0	0	0	0	0	1	3	0	0	0	0	0	0	0	0	0
bd063ebe7afa160cc64497940dcbfb88	0	0	0	0	0	0	0	0	0	0	0	0	0	0	0	0	0	0	0	0	0	0	0	0	0	0	0	0	0	0	0	0	0	0	0	0	0	0	1	0	0	0
bd1c7ba1f761e3d3eab63d7c86e4ef02	0	2	8	12	0	7	0	10	0	13	0	25	5	4	8	6	2	0	5	0	10	0	4	1	0	63	0	0	0	14	2	0	6	7	16	0	4	1	0	1	1	0
be36104874055080ec72445320b2f6cc	0	0	0	0	0	0	0	1	0	0	0	0	0	1	1	0	0	0	0	0	0	4	0	0	0	0	0	1	0	0	0	0	0	0	0	0	0	0	8	6	0	0
bef25640e3665e838356b0acd677ef3f	0	0	0	0	0	0	0	0	0	0	0	0	1	0	0	0	0	0	0	0	0	0	0	2	0	0	0	0	0	0	0	0	0	0	0	0	0	0	0	0	0	0
bf13f8cf5b0492626b5f002c604b94fe	0	0	0	0	0	0	0	0	0	0	0	0	0	0	0	0	0	0	0	0	0	0	0	0	0	0	0	0	0	0	0	0	0	0	0	3	0	0	0	0	0	0
bf1e412ef3dbc5db8a34f5fd0b3a0e07	0	0	0	0	0	0	0	0	0	0	0	0	1	0	0	0	0	0	0	0	0	0	0	0	0	0	0	0	0	0	0	0	0	0	0	0	0	0	0	0	0	0
bf21f9f9482e4d449825423d7faa4843	13	40	0	0	54	0	1	34	4	3	1	0	131	0	23	0	0	0	0	0	0	0	0	0	0	0	143	10	3	0	0	0	0	1	0	40	0	0	1	15	11	0
bf2db85a2a065a3bc0379d704248565e	1	0	0	0	0	0	0	0	0	0	0	0	0	0	0	0	0	0	0	0	0	0	0	0	0	0	0	0	0	0	0	0	0	0	0	0	0	0	0	0	0	0
bf84c8d94c6935b496adee890b0ad516	0	0	0	1	0	0	0	0	0	0	0	0	0	0	0	0	0	1	0	0	0	0	0	0	0	0	0	0	0	0	0	0	1	0	0	0	0	0	0	0	0	0
bff8a0d3977f86a83fe19ac98b1b2770	0	0	0	0	0	0	0	0	0	0	0	0	0	0	0	0	0	1	0	0	0	0	0	0	0	0	0	0	0	0	0	0	0	0	0	0	0	0	0	0	0	0
c022911f40de88fdda4102475de31c88	0	0	0	0	0	0	0	0	0	0	0	0	0	0	0	0	0	0	1	0	0	0	0	0	0	0	0	0	0	0	0	0	0	0	0	0	0	0	0	0	0	0
c15ec819f4725b4556aca4da1a56b821	3	0	0	0	0	0	0	0	0	0	0	0	14	0	0	0	0	0	0	0	0	0	0	0	0	0	0	382	0	0	0	0	0	0	0	0	0	0	0	2	0	0
c16b499cfca110f6e06a7c4823ab5194	35	89	202	5082	1	747	12	926	30	1845	167	1935	53	283	577	973	1033	513	3206	110	4585	43	22	1145	17	2830	0	23	33	908	846	2103	309	95	135	0	32	20	16	450	38	1
c198bd169ada0c20421bf6e5b31d9124	0	0	0	0	0	0	0	0	0	0	0	0	0	2	0	0	0	0	0	0	0	0	0	0	0	0	0	0	0	0	0	0	0	0	0	0	1	0	0	0	0	0
c27fc07a69127cb5342a030dc64f6e78	0	0	0	0	0	0	0	0	0	0	0	0	0	0	0	0	0	0	0	0	0	0	0	0	0	0	0	3	0	0	1	0	0	0	0	0	0	0	0	0	0	0
c295952722bb188bad116cdd2428bf98	0	0	0	0	0	0	0	0	0	0	0	0	1	0	0	0	0	0	0	0	0	0	0	0	0	0	0	0	0	0	0	0	0	0	0	0	0	0	0	0	0	0
c2bc0443f16539961f051382bbfacbd4	11	0	2	0	0	0	0	0	0	0	0	0	0	0	0	0	0	0	0	0	0	0	1	3	2	1	0	0	0	0	0	0	0	1	0	0	1	0	0	0	0	0
c2c949084c934a7c16f3db8a95f62e14	0	0	0	48	0	2	2	22	2	0	0	0	0	0	0	0	1	1	21	2	53	0	0	0	0	0	0	0	0	0	0	14	20	0	1	0	0	2	0	0	0	0
c30622c1c5d8cd3ddfe7bdf9611b973f	0	0	0	0	0	0	0	0	0	0	0	0	0	0	0	0	0	0	0	0	0	0	0	0	0	0	0	0	0	0	0	0	1	0	0	0	0	0	0	0	0	0
c30c91fe2457a31e5078b387b3653a5f	0	0	0	0	0	0	0	0	0	0	0	0	0	0	0	0	0	0	0	0	0	0	0	0	0	0	1	0	0	0	0	0	0	0	0	0	0	0	0	0	0	0
c35f84ec99e541de07efe7075942268e	2	1	0	0	0	0	0	0	0	0	0	0	0	2	0	0	0	0	0	0	0	7	0	2	0	0	0	1	3	0	0	0	0	0	0	0	0	0	7	2	0	41
c3c9bbe54a247d67560957d4800e6c02	0	0	0	0	0	0	0	7	0	0	3	0	0	0	0	0	0	1	0	0	0	0	0	0	1	0	1	1	0	0	1	0	17	0	0	0	0	0	3	0	0	0
c4876ea8705ae962c7b14c9f9b5af9d6	0	0	0	0	0	0	0	0	0	0	0	0	0	0	0	0	0	0	0	0	0	0	0	0	0	0	2	0	0	0	0	0	0	0	0	0	0	0	0	0	0	0
c557a9c0718fc693abeb1b7b1c458f5f	0	0	0	0	0	0	0	2	0	0	0	0	0	0	2	0	0	1	2	0	0	0	0	0	0	0	0	0	0	0	0	1	1	0	0	0	0	0	0	0	0	0
c57dec825f343d4bcfe1ff719f3623dc	0	1	0	0	0	1	0	0	0	7	0	0	0	3	0	0	0	0	0	0	2	0	0	0	0	0	0	0	0	0	3	0	0	0	0	0	0	0	0	0	0	0
c5a42ac1119219bc554c79630c166dca	0	0	0	0	0	0	0	0	0	0	0	0	0	0	0	0	0	0	0	0	0	0	0	0	0	0	0	0	0	0	0	1	0	1	0	0	0	0	0	0	0	0
c635dd09aed47658e8647d297faa1d9b	0	36	7	0	0	12	44	3	0	31	1	1	412	0	1	2	0	0	1455	2	0	0	2	0	0	35	0	0	0	65	1	1549	4	0	326	0	0	125	1	0	0	0
c69f376ef64bf43845d7766012f1faea	0	0	0	0	0	0	0	0	0	0	0	0	2	0	0	0	0	0	0	0	0	0	0	0	0	0	0	0	0	0	0	0	0	0	0	0	0	0	0	0	0	0
c76cafda25794ae32e955e08cfe2362e	0	0	0	0	0	0	0	0	0	0	0	0	0	0	0	0	0	0	0	0	0	0	0	0	0	0	0	0	0	0	0	0	0	0	0	1	0	0	0	0	0	0
c7939e1897d335cf7a5067863557153f	0	0	0	0	0	0	0	0	0	0	1	0	0	0	0	0	0	0	0	0	0	0	0	0	0	0	0	0	0	0	0	0	0	0	0	0	0	0	0	1	0	0
c7d367b4aa6ff20f5d2f363436cfd962	5	6	0	0	293	0	0	8	0	3	0	0	65	0	4	0	0	0	0	0	0	0	0	0	0	0	131	29	2	0	0	0	0	0	0	796	0	0	0	14	1	0
c7eb4e7788f5e1aeb465f54bc72790f5	4	23	3	34	4	0	1	19	2	4	9	2	3	24	17	11	49	4	9	2	52	0	1	8	2	11	23	0	29	2	16	13	21	2	7	0	2	0	14	56	38	0
c93cf176ecf074b5c5dd1267c23398e0	1	0	0	0	0	0	0	0	0	0	0	0	0	0	0	0	0	0	0	0	0	0	0	0	0	0	0	0	0	0	0	0	0	0	0	0	0	0	0	0	0	6
ca14c02201ba418c56e856afa301b2c1	16	217	1896	281	0	1159	81	736	2	345	5	359	16	462	461	220	279	348	507	48	815	0	180	40	44	2444	0	0	13	460	393	233	269	361	1364	22	114	95	33	42	23	0
ca94756146a16e769e768543ed6946d3	0	0	58	93	0	57	8	105	5	93	0	71	2	66	495	40	64	18	60	13	323	0	7	11	0	189	0	0	7	28	45	32	139	8	23	0	27	5	0	1	0	0
caebc2744a15f976340f4cc8090da2b4	0	0	0	0	0	0	0	2	0	0	0	0	2	0	1	0	0	0	0	0	0	0	0	0	0	0	0	0	0	0	0	0	0	0	1	0	0	0	0	0	0	0
cb5848a6e0e91f34c89584c4262b6a30	0	0	0	0	3	0	0	0	0	0	0	0	0	0	0	0	0	0	0	0	0	0	0	0	0	0	0	0	0	0	0	0	0	0	0	0	0	0	0	0	0	0
cb9226cb1f07efde25b5b1e1a1a8511d	0	1	0	0	0	0	1	0	0	0	0	0	0	1	0	0	0	0	0	0	0	0	3	0	0	0	4	25	0	0	0	0	0	0	0	0	0	3	11	0	0	3
cc46cf25c9275c6f7bea97f6517c32c6	0	0	0	0	0	0	0	0	0	0	0	0	0	0	0	0	0	0	0	0	0	0	0	0	0	0	0	0	0	0	0	0	0	0	0	0	0	0	0	1	0	0
cc51bfeac03b2188dc4b174fb6e57bb6	0	0	0	1	0	0	0	0	0	0	0	0	0	0	0	0	0	0	0	0	0	0	0	0	0	0	0	0	0	0	0	0	0	0	0	0	0	0	0	0	0	0
cd1fec6f68c3adea3bc26c8be93a2f20	3	0	0	0	8	0	0	0	0	0	0	0	0	0	0	0	0	0	0	0	2	0	0	275	0	0	1	0	0	0	0	0	0	0	0	0	0	0	0	14	49	0
cdddcded9a2847330f88a240feef0ed7	0	0	0	0	0	0	0	0	0	0	260	1	0	0	0	0	0	0	0	0	0	0	0	1	0	0	0	0	0	0	0	0	0	0	0	0	0	0	0	0	833	0
cde46af784238c2a263e3f840c89524e	1	7	59	17	0	3	13	3	0	3	1	8	0	2	4	7	1	0	8	4	14	0	4	3	0	62	0	0	0	9	2	5	15	19	31	0	12	12	1	2	0	0
ce18a358596c4a04877cf1f56eb74967	0	0	0	0	0	0	0	0	0	0	0	0	0	0	1	0	0	0	0	0	0	0	0	0	0	0	0	0	0	0	0	0	0	0	0	0	0	0	0	0	0	0
ce7576ee3a03cb4fd9d532c0217f2174	0	0	0	0	0	0	0	0	0	0	0	0	0	0	0	0	0	0	0	0	0	0	0	0	0	0	1	0	0	0	0	0	0	0	0	0	0	0	0	0	0	0
cf10827811524819301ec439957d0693	5	0	116	52	1	14	7	61	7	46	26	200	12	55	100	10	30	34	132	106	214	0	40	43	45	115	0	1	8	13	32	138	347	23	34	0	43	11	9	231	34	0
cf2ef81488dd14225448bffb8e8ae3ba	0	0	463	11	0	0	0	14	0	125	60	84	0	18	48	0	25	7	45	16	76	0	4	4	0	72	0	0	6	4	6	31	5	31	20	2	49	28	11	6	5	0
cf61ecb82b4d6c8fa2b89c68e4d4382c	0	0	0	0	0	0	0	0	0	0	0	0	0	0	0	0	0	0	0	0	0	0	0	0	0	0	1	0	0	0	0	0	0	0	0	0	0	0	0	0	0	3
d009f0bcf65daad9a06c828b54f84acd	0	0	0	0	11	0	0	0	0	0	0	0	0	0	0	0	0	0	0	0	0	0	0	0	0	0	3	0	0	0	0	0	0	0	0	1	0	0	0	0	0	0
d0c62b2312dafb51eb556abfea626bb2	0	0	0	0	0	0	0	0	0	0	0	0	1	0	0	0	0	0	0	0	0	0	0	0	0	0	0	0	0	0	0	0	0	0	0	0	0	0	0	0	0	0
d0f8a753f02ac69267bd189dc634e071	0	4	0	0	0	0	0	0	0	0	0	0	0	0	0	0	0	0	0	0	0	0	0	9	0	0	0	0	0	0	0	0	1	0	0	0	0	0	0	0	0	0
d141aac801628ae05643ad45c75b0d10	0	0	0	0	0	0	0	0	0	0	0	0	0	0	0	0	0	0	0	0	0	0	0	0	0	0	0	0	0	0	0	0	0	0	0	0	0	0	0	1	0	0
d209b7a0b0825dfef7f336219cd4573e	0	0	0	0	0	0	0	0	0	0	1	0	0	0	0	0	0	0	0	0	0	0	0	0	0	0	0	0	0	0	0	0	0	0	0	0	0	0	0	0	0	0
d22de9364fd02eebd1ac9f9bd260e25a	0	0	0	0	0	0	0	0	0	0	0	0	1	0	0	0	0	0	0	0	0	0	0	0	0	0	0	0	0	0	0	0	0	0	0	0	0	0	0	0	0	0
d2a20c9fa0fe6548d9cc6d52b29dcaf1	216	0	0	0	566	0	0	0	0	0	0	2	0	1	0	0	2	0	0	0	16	3	0	1289	0	0	2690	0	0	0	1	0	0	0	0	0	0	0	214	4304	1995	0
d2bb3b9da137e8fe10439ad3ad4332d7	2	0	0	0	0	0	0	0	0	0	0	0	6	0	0	0	0	0	0	0	0	0	0	0	0	0	0	0	0	0	0	0	0	0	0	0	0	0	0	0	0	0
d2cb9d2e9ed0cfb5c2c505330bc7d839	0	0	5	5	0	0	1	9	0	0	0	4	0	0	0	3	0	0	0	1	8	0	2	0	0	9	0	0	0	0	0	0	5	2	1	0	0	5	0	0	0	0
d32e7d75ef73c1d6652cc4612eb74d87	0	0	0	0	0	0	0	0	0	0	0	0	0	0	0	0	0	0	0	0	0	0	0	0	0	0	0	0	0	0	0	0	0	0	0	1	0	0	0	0	0	0
d334999e723ab902c2bc2fdb76e720f2	0	0	0	0	0	0	0	0	0	0	0	0	0	0	0	0	0	0	0	0	0	0	0	0	0	0	0	0	0	0	0	0	0	0	0	0	0	2	0	0	0	0
d391f06b9468c1cf82cb93852fa7b3e6	10	0	0	0	0	0	0	0	0	0	0	0	0	0	0	0	0	0	0	0	0	0	0	0	0	0	1	0	0	0	0	0	0	0	0	0	0	0	0	0	0	0
d3dd94dcd70e53e5c59a06e73b20d531	6	0	0	0	0	0	0	0	0	0	0	0	0	0	0	0	0	0	0	0	0	0	0	0	0	0	0	0	0	0	0	0	0	0	0	271	0	0	0	0	27	0
d3f6372eb0463dde0a42979d80c023b4	1	3	0	0	0	0	0	4	0	0	0	1	12	0	15	0	0	0	0	0	0	1	0	0	0	0	4	26	0	0	0	0	0	0	0	0	0	0	2	7	0	0
d4a9557ceea38514ca14013966728689	0	0	0	0	0	0	0	0	0	0	0	0	0	0	0	0	0	0	0	0	0	0	0	1	0	0	0	48	0	0	0	0	0	0	0	0	0	0	0	0	0	0
d54f28c6ab4c39fcb1257388e7fd4b24	0	0	0	0	0	0	0	0	0	0	0	0	0	0	0	0	0	0	0	0	0	0	0	0	0	0	0	0	0	0	0	0	0	0	1	0	0	0	0	0	0	0
d55bd35d4d44df641cbd5fc18ed530a8	0	0	0	0	1	0	0	0	0	0	0	0	3	0	0	0	0	0	0	0	0	0	0	0	0	0	1	0	0	0	0	0	0	0	0	1	0	0	0	0	0	0
d592fbfc2098d7a0163c7c03f102dbad	0	12	772	183	0	25	114	211	0	200	0	236	16	241	298	155	372	9	102	99	324	1	264	8	0	124	0	0	0	96	317	81	295	247	299	0	270	183	54	0	13	0
d5b22eedc0fe5e47a68b6e2fc7644222	0	0	0	0	0	0	0	0	0	0	0	0	0	0	0	0	0	0	0	0	0	0	0	0	0	0	1	0	0	0	0	0	0	0	0	0	0	0	0	0	0	0
d5fc3e7df25cc7a9e007eb6336421158	0	0	0	0	0	0	0	0	0	0	0	0	0	0	0	0	0	0	0	0	0	0	7	0	0	0	0	0	0	0	0	0	0	0	0	0	0	0	0	0	2	0
d6522af0f6bb20ef1aefcc53a1c304b2	0	0	0	0	2	0	0	0	0	0	0	0	0	0	0	0	0	0	0	0	0	0	0	0	0	0	0	0	0	0	0	0	0	0	0	0	0	0	0	0	0	0
d6b12879064def97c910ba4d68ce4bb1	0	0	0	1	0	0	0	0	0	0	0	0	0	0	0	0	0	0	0	0	0	0	0	0	0	0	0	0	0	0	0	1	0	2	0	0	0	0	0	0	0	0
d6d3f5bd8a37553d2e98bcea6823a95f	1	0	1	0	0	1	0	0	0	0	0	0	0	1	0	0	0	0	0	0	0	0	0	0	0	0	0	0	0	0	0	0	1	1	0	0	0	1	0	0	0	0
d7592670cdb30b23c81a7ca8909613bf	0	0	0	0	0	8	12	0	3	0	0	0	0	0	0	0	0	0	0	13	0	0	0	0	0	0	0	0	0	3	0	0	0	0	11	0	0	7	0	0	0	0
d77cee87f7b1f8407d74092b4ffe78fe	0	0	1	0	0	0	0	0	0	0	0	0	0	0	0	0	0	0	0	0	0	0	0	0	0	0	0	0	0	0	0	0	0	0	0	0	1	0	0	0	0	0
d791a16d6b039eee1a3851a2a4030612	0	0	0	0	0	0	0	0	0	0	0	0	0	0	0	0	0	0	0	0	0	0	0	1	0	0	1	0	0	0	0	0	0	0	0	0	0	0	0	0	0	0
d836664cf6b6f54b679ab9ac75bac19c	0	0	0	0	0	0	0	0	0	1	0	0	0	0	0	0	0	0	0	0	0	0	0	0	0	0	0	0	0	0	0	0	0	0	0	0	0	0	0	0	0	0
d880dc07f377979f8990abe030615b07	0	0	0	0	0	0	0	0	0	0	0	0	0	0	0	0	0	0	0	0	0	0	0	0	0	0	0	3	0	0	0	0	1	0	0	0	0	0	0	0	0	0
d9230a8f707c26134b4cc6589c359e14	0	0	0	0	0	0	0	0	0	0	0	0	0	0	0	0	0	0	0	0	0	0	0	0	0	0	0	0	0	0	0	0	0	0	0	0	0	0	0	0	0	1
d997cc2fc60626d70792396afde10197	8	1	0	0	0	0	0	2	0	0	0	0	1	0	0	0	0	0	0	0	0	0	0	0	0	0	0	0	0	0	0	0	0	0	0	1	0	0	0	0	0	0
da63af87ca34fb95531e9cc60f8dfa91	0	0	0	0	0	0	0	0	0	0	0	0	0	0	0	0	0	0	0	0	0	0	0	0	4	0	0	0	0	0	0	0	0	0	0	0	0	0	1	0	0	0
db2bc89cd9d73935df9178a042f9ca7f	0	0	0	0	0	0	0	0	0	0	0	0	0	0	1	0	0	0	0	0	0	0	6	0	0	0	0	0	0	0	0	0	8	0	0	0	0	0	9	0	2	0
db5dc944be643cea343f1ddf7ac1df6a	0	0	0	0	0	0	0	0	0	0	0	0	0	0	0	0	0	0	0	0	0	1	0	0	0	0	0	0	0	0	0	0	0	0	0	0	0	0	2	0	0	1
db8d1a4f589c15d04db3fb23a172173e	0	0	0	0	1	0	0	0	0	0	0	0	0	0	0	0	0	0	0	0	0	0	0	0	0	0	0	0	0	0	0	0	0	0	0	0	0	0	0	0	0	0
dc51a3766b55604e53516532fe841624	0	0	0	0	1	0	0	0	0	0	0	0	0	0	0	0	0	0	0	0	0	0	0	0	0	0	0	0	0	0	0	0	0	0	0	0	0	0	0	0	0	0
dc71fab0fb4bb89f52dec306d3179b00	0	0	0	0	2	0	0	0	0	0	0	0	0	0	0	0	0	0	0	0	0	0	0	0	0	0	0	0	0	0	0	0	0	0	0	0	0	0	0	0	0	0
dcc9edfe68111237c47ded827d93814e	0	0	238	32	0	8	7	51	0	81	148	104	0	19	109	143	6	39	40	8	67	0	57	0	0	376	0	0	0	26	11	128	109	563	271	0	57	16	1	0	0	0
dd2f337c5074dea3745341ab62b16bca	0	1	0	0	7	0	0	0	2	0	0	0	74	0	0	0	0	0	0	0	0	0	0	0	0	0	6	0	0	0	0	0	0	0	0	13	0	0	0	1	0	0
de1d62bccfab024a9a61474361679b36	0	0	11	0	0	0	0	22	3	1	0	0	0	0	0	0	1	0	3	11	0	0	13	0	1	0	0	0	0	0	2	1	21	5	0	0	32	0	0	0	1	0
dea445636e1846df018e43780b6eaca0	0	0	0	0	0	0	0	0	0	0	0	2	0	0	0	0	0	0	0	0	0	0	0	0	0	0	0	0	0	0	0	0	0	0	0	0	0	0	0	0	0	0
ded3215c896833c2f9a4ec9497ef43b4	0	0	1	0	0	0	0	0	0	0	0	0	0	0	0	0	0	0	0	0	0	0	0	0	0	0	0	0	0	0	0	0	0	0	0	0	0	0	2	0	0	0
df420958612e46205085c282b0a50b5e	0	0	0	0	0	0	0	0	0	0	1	0	0	0	0	0	0	0	0	0	0	0	0	0	0	0	0	0	0	0	0	0	0	0	0	0	0	0	0	0	0	0
e04e81b59b0dd2429254e786cee11a1c	0	0	4	0	0	0	0	0	0	0	0	0	0	0	0	0	0	0	1	0	0	0	0	0	0	0	0	0	0	0	0	0	0	0	0	0	0	0	0	0	0	0
e0630011ceca1bc22ea4077ac3542057	0	0	5	0	0	0	0	1	0	0	0	2	0	0	4	0	0	0	2	0	0	0	1	0	0	0	0	0	0	0	0	3	1	0	0	0	0	0	0	0	0	0
e0b755787743211ad2c21a7dcbb2389b	1	0	0	0	0	0	0	0	0	0	0	0	0	0	0	0	0	0	0	0	0	0	0	0	0	0	0	0	0	0	0	0	0	0	0	0	0	0	0	0	0	0
e0bcdb4f17d2d7a935de6ead3c843278	0	0	0	0	2	0	0	0	0	0	0	0	0	0	0	0	0	0	0	0	0	0	0	0	0	0	0	0	0	0	0	0	0	0	0	0	0	0	0	0	0	0
e0d0b8c847e86b7c560bd8523cc7ac1f	0	0	0	0	0	0	1	0	0	0	0	0	0	0	0	0	0	0	0	0	0	0	0	0	0	0	0	0	0	0	0	0	0	0	0	0	0	0	0	0	0	0
e0d969862bf750ab6f54c92f5a4f5612	0	0	0	0	0	0	0	4	0	0	0	0	0	0	0	0	0	0	0	0	2	0	0	0	0	5	0	0	0	0	0	0	2	0	0	0	0	0	0	0	0	0
e0df6df7404b87b6e23c84e47427dbba	0	0	0	0	0	0	0	0	0	0	0	0	3	0	0	0	0	0	0	0	0	0	0	0	0	0	0	0	0	0	0	0	0	0	0	0	0	0	0	0	0	0
e142dab751bd2c4fa424dfa95399cc6d	2	0	0	0	0	0	0	0	0	0	2	2	0	0	0	0	0	0	0	0	2	0	0	0	0	0	0	0	0	0	0	0	0	0	0	0	0	0	0	0	0	0
e1653e3b245f365ba7cb32159eef6a5a	1	0	0	0	0	0	0	0	0	0	0	0	0	0	0	0	0	0	0	0	0	0	0	0	0	0	0	0	0	0	0	0	0	0	0	0	0	0	34	1	0	0
e18327b8c474063ed603dc700ea1eb81	0	0	0	0	0	0	0	8	0	1	0	0	2	0	1	0	0	0	0	0	0	0	0	0	0	0	1	10	0	0	0	0	0	0	0	3	0	0	0	3	0	0
e1a568592be645c8224ff1f5c5e69b3a	0	0	0	0	1	0	0	0	0	0	0	0	0	0	0	0	0	0	0	0	0	0	0	0	0	0	0	0	0	0	0	0	0	0	0	0	0	0	0	0	0	0
e1e66e7c7a596e07f69c36858a3130ae	0	0	0	0	0	1	0	0	0	0	0	0	0	0	0	0	0	0	0	0	0	0	0	0	0	0	0	0	0	0	0	0	0	0	0	0	0	0	0	0	0	1
e20e3767df34213bf710d11bf7ac8583	0	0	0	0	0	0	0	0	0	0	0	0	0	0	1	0	0	0	0	0	0	0	0	0	0	0	0	0	0	0	0	0	0	1	0	0	0	0	1	0	0	0
e27624808bfee9cfc95d975957c68034	0	0	0	0	4	0	0	0	0	0	0	0	0	0	0	0	0	0	0	0	0	0	1	0	0	0	0	0	0	0	1	0	2	1	1	0	0	0	64	0	0	0
e32203af04196939f17c98176fcac1ca	0	0	1	0	0	0	0	1	0	0	0	0	0	0	0	0	0	0	0	0	0	1	0	0	0	0	0	0	0	0	0	0	0	0	0	0	0	0	4	0	0	0
e3314f43ab08bf705f8ade9c759ae912	1	0	0	0	0	0	0	0	0	1	0	0	0	0	0	0	0	0	0	0	0	0	2	0	0	0	0	0	0	0	0	0	0	0	0	0	0	0	1	0	0	0
e3cac713bc7ac1647f85d4657702e0c5	2	0	1	0	0	0	0	0	0	0	1	0	0	1	0	0	0	0	0	0	1	0	2	0	0	0	0	2	0	0	0	0	0	4	0	0	0	0	0	0	2	0
e3dac164d476ed1366178071e166faf0	0	0	0	0	0	0	0	0	0	0	0	0	0	0	0	0	0	0	0	0	0	2	0	0	0	0	0	0	0	0	0	0	0	1	0	0	0	0	0	0	0	0
e40c5455bc21394879b947fa9ccca57d	1	6	182	0	2	0	0	0	0	0	0	10	0	0	1	0	0	0	1	0	0	1	0	0	1	0	9	0	0	0	0	0	0	0	0	0	0	1	0	0	3	0
e51e32adb1bbe5b600cd41ec0e906637	0	0	0	0	0	0	0	1	0	0	0	0	0	0	0	0	0	0	0	0	0	0	0	0	0	0	0	0	0	0	0	0	0	0	0	0	0	0	0	0	0	0
e51fe414d7d7070a616921409b099f0b	0	0	0	0	0	0	0	0	0	0	0	0	0	0	0	0	0	0	0	0	0	0	0	0	0	0	0	0	0	0	0	0	0	0	0	0	0	0	0	1	0	0
e528a30593fddc7db6a11a08024b5b34	0	0	0	0	0	0	0	0	0	0	0	0	0	0	0	0	0	0	0	0	0	0	0	0	0	0	0	0	0	0	0	0	0	0	0	0	0	0	1	0	0	0
e5ab216548fe360b6a2906e9ebdaddf1	0	0	0	0	0	0	0	0	0	0	0	0	0	0	0	0	0	0	0	0	0	0	0	0	0	0	0	0	0	0	0	0	0	0	0	0	0	0	21	0	0	0
e5c56b4fbf301b4dddc7eb82baa6c264	7	5422	5	4	0	3	2	35	3	5	0	3	18	9	6	1	0	7	89	2	0	0	0	0	4	5	0	0	0	0	5	44	13	1	3	3	11	2	0	0	6	0
e70557410812ed6df11dd9dff5f0f12f	0	0	0	0	1	0	0	0	0	0	1	0	4	0	0	0	0	0	0	0	0	0	0	0	0	0	0	0	0	0	0	0	0	0	0	0	0	0	0	0	0	0
e72d6049c7f573368b5d5a5b6a34093e	0	0	0	0	3	1	0	0	0	0	0	0	0	0	1	0	0	0	0	0	0	0	5	0	0	0	5	0	4	0	0	0	8	0	0	0	0	0	149	0	0	0
e73ade3f968712dfe3b9c2f41274bb1b	0	0	2	0	0	0	0	0	0	0	0	0	0	0	0	0	0	0	0	0	0	0	0	0	0	0	0	0	0	0	0	0	0	0	0	0	0	0	0	0	0	0
e760c96f2d28d105cdb402e2be924516	0	3	0	6	0	5	2	0	0	1	0	16	0	2	12	1	0	0	1	3	1	0	0	0	0	14	0	0	0	0	1	1	1	0	1	0	0	6	0	0	0	0
e8623de59f6226e4df9b6f5138131440	12	2	44	5	0	133	1	12	5	90	8	0	2	484	17	80	251	0	765	84	14	0	11	742	28	7	0	1	1171	26	689	772	19	20	206	3	39	1	0	0	11	0
e8eb8b185aefbb929cac7b580fc28cd9	0	0	1	0	0	0	0	0	0	0	0	0	0	0	0	0	0	0	0	0	0	0	0	0	0	0	0	0	0	0	0	0	0	0	0	0	0	0	1	0	0	0
e9bcaff73de9b81edfad72e005e70572	0	0	0	0	0	0	0	0	0	0	0	0	0	0	0	0	0	0	0	0	0	0	0	2	0	0	0	0	0	0	0	0	0	0	0	0	0	0	0	3	0	0
ea00f2761fc1bac76ea1eb72d56504d6	232	0	348	83	0	88	45	720	299	205	394	224	185	305	376	97	146	180	248	31	210	0	329	59	578	279	0	0	124	37	234	160	1875	349	259	0	152	98	266	4406	642	1
ea1af3e1ea859a6ea81bcc162dcc325c	3	0	0	0	0	0	0	0	0	0	0	0	1	0	0	0	0	0	0	0	0	0	0	20	0	0	0	0	1	0	0	0	9	0	0	0	0	0	1	22	4	0
ea8122594ab3074ee6e9094a87750537	0	0	0	0	0	0	0	0	0	0	0	0	0	0	0	0	0	0	0	0	0	0	0	2	0	0	0	0	0	0	0	0	0	1	0	0	0	0	0	1	0	0
eae3a07b909059cb752ac3435882a64d	0	0	0	0	0	0	0	0	0	0	0	0	0	0	0	0	0	1	0	0	0	0	0	0	0	0	0	0	0	0	0	0	0	0	0	0	0	0	0	0	0	0
eb5e7442cdfdb6e57f6287dc5b626444	2	7	84	24	0	100	7	10	0	20	28	23	0	41	20	11	56	1	19	7	36	0	10	475	27	48	0	0	156	2	24	16	20	31	39	0	7	11	3	1929	2	0
ec2aa27e7a05a9c1c4244d46858dc545	0	0	0	0	0	0	0	0	0	0	0	0	0	0	0	0	0	0	0	0	0	0	0	0	0	0	0	0	0	0	0	0	0	0	0	1	0	0	0	0	0	0
ec83561954f7a26c089603ea237402fb	0	0	0	0	0	0	0	0	0	0	0	0	4	0	0	0	0	0	0	0	0	0	0	1	0	0	0	7	1	0	0	0	0	0	0	0	0	0	2	0	0	0
ec872e4ead1e013ef8b9f247565543a6	0	0	0	0	0	0	0	1	0	0	0	0	0	0	0	0	0	0	0	0	1	0	1	0	0	1	0	0	0	0	0	0	0	0	0	0	0	0	0	0	0	0
ed3304c316698fc1fd1191f01fec7b8a	10	1	357	82	0	542	31	150	9	207	596	32	0	157	164	226	67	14	3231	65	140	0	100	96	23	129	0	0	211	200	207	1808	88	13	333	1142	35	43	1	1	151	0
ed56b638e42eb4b5339653de377fd86a	0	0	0	0	0	0	0	0	0	0	0	0	0	0	0	0	0	0	0	0	0	0	0	0	0	0	0	1	0	0	0	0	0	0	0	1	0	0	0	0	0	0
edbad93ab90ed18d22178acaf98e6a3c	162	126	4323	509	0	228	258	162	16	1110	339	1692	867	1152	350	333	1594	19	306	124	1268	1	1356	382	242	1854	0	0	348	75	762	61	239	2001	640	0	980	822	30	649	150	0
edbc42c9e349fec50b74dbac924267ee	5	4	3222	129	6	38	167	239	186	317	1	127	1	715	861	455	33	49	438	335	379	1	845	37	282	434	4	0	6	4	491	1139	182	411	18	0	587	99	20	0	0	17
edca9ab9567949198e8652265123641e	0	0	0	0	0	0	1	0	0	0	0	0	0	0	0	0	0	0	0	0	0	0	0	0	0	0	2	0	0	0	0	0	0	0	0	0	0	0	0	0	0	0
eddbbb0bb989cbb70f1cd88c6ed3ccb8	154	21055	280	759	4	3817	375	327	3234	989	129	25	371	4472	136	1754	787	55	116	209	1213	0	170	14	150	111	1	22	0	999	3959	105	189	5998	7680	1	219	369	3	16	423	0
eed86435456a3c378048f353b5a77bc2	0	0	0	0	0	0	0	0	0	0	0	0	0	0	0	0	0	3	0	0	0	0	0	0	0	0	0	0	0	1	0	0	0	0	0	0	0	0	0	0	0	0
ef4a094509712fd0cfc55ad01549d076	0	0	2	0	0	0	1	0	0	0	0	0	0	0	1	0	1	0	0	2	0	0	1	0	0	0	0	0	0	0	0	0	0	1	1	0	1	3	0	0	0	0
ef56b9884a957b829588096f753e99c2	0	0	0	0	0	0	0	4	0	0	0	0	0	0	0	0	0	0	0	0	0	0	0	0	0	1	0	0	0	0	0	0	0	0	0	0	0	0	0	0	0	0
efc64eb243cce9677a22e063387e5b51	1	0	77	150	0	839	115	811	1	254	0	1315	0	97	642	45	146	873	750	290	653	0	38	20	0	1325	0	0	2	201	91	246	1942	63	337	0	20	97	0	28	1	0
f2a5be4d91045b936082aeffa722e05d	0	0	3	3	0	0	0	2	0	0	0	2	1	1	0	0	0	1	8	0	11	0	0	0	0	1	0	0	0	0	0	1	4	0	0	0	0	0	0	0	0	0
f2b8c1356ef8de381020917d23236410	0	0	0	0	0	0	0	0	0	0	0	0	0	0	0	0	0	0	0	0	0	0	0	0	0	0	0	0	0	0	0	0	1	0	0	0	0	0	0	0	0	0
f2f6dc3ab7f75ef05e229c915838674b	3	0	0	0	0	0	0	0	0	2	0	0	0	0	0	0	0	0	0	0	0	0	0	0	0	0	0	0	0	0	0	0	0	0	0	0	0	0	0	0	0	0
f36a7e393241bdcae0b54c51265ddd91	1	0	0	0	0	0	0	0	0	0	0	0	0	0	0	0	0	0	0	0	0	0	0	0	0	0	0	0	0	0	0	0	0	0	0	1	0	0	1	0	0	0
f44ffc92530c22607990289093d92a66	0	0	0	0	0	0	0	0	0	0	0	0	0	0	0	0	0	0	0	0	1	0	0	0	0	0	0	0	0	0	0	1	0	0	0	0	0	0	0	0	0	0
f48f152f219093a8dec420d2ad3b08d2	0	2	0	0	0	0	0	0	0	0	0	0	0	0	0	0	0	0	0	0	0	10	0	0	0	0	0	1	0	0	0	0	0	0	0	0	0	0	5	5	0	11
f52f65ee0493f9d5b72a316d848ac66e	0	0	0	0	0	0	0	0	0	0	0	0	0	0	0	0	0	0	0	0	0	0	0	0	0	0	0	1	0	0	0	0	0	0	0	0	0	0	0	0	0	0
f60587c79550b208af9acad5bb883f7b	0	0	0	0	0	0	220	506	264	0	0	231	0	0	414	5	0	193	0	25	0	0	0	1839	1	527	0	0	56	1	2	1	498	218	1	0	0	132	0	0	0	0
f68500c8fd8d50012548aab4d5c79d87	0	0	0	0	0	0	0	0	0	0	0	0	0	0	0	0	0	0	0	0	3	0	0	0	0	0	0	0	0	0	0	0	0	0	0	1	0	0	0	0	0	0
f77430c1a78d2d1fdbc1553bb421db16	0	0	0	0	0	0	0	1	0	0	0	0	0	0	0	0	0	0	0	0	0	0	0	0	0	0	0	0	0	0	0	0	0	0	0	0	0	0	0	0	0	0
f7806cfc1c9e7e626576a9ec76c79264	0	0	3	0	0	0	0	0	0	0	0	4	0	0	0	0	0	0	0	0	0	0	0	0	0	0	0	0	0	0	0	0	0	0	0	0	0	0	0	0	0	0
f80f1f9abfb1fed26379082bb77fc2b7	0	1961	1492	62	0	0	1	15	0	0	0	22	0	761	14	0	789	29	437	8	347	0	503	17	413	48	0	0	0	0	495	288	134	0	0	0	834	0	5556	1	0	0
f81852fda517e5fc5a2db6f415828fda	19	3	0	0	0	0	0	22	0	0	0	0	8	0	0	2	0	0	0	0	0	0	0	0	0	0	0	0	0	0	0	0	0	0	0	0	0	0	0	0	0	0
f819076f7a372c6d0cd43df466d74216	0	0	0	0	0	0	0	0	0	0	0	0	0	0	0	0	0	0	0	0	0	0	0	0	0	1	0	0	0	0	0	0	0	0	0	0	0	0	1	0	0	0
f85550c65ec0d473d02c6f5882a5871f	0	0	0	0	0	0	0	7	0	0	0	0	0	2	0	0	0	0	0	0	0	0	1	1	2	0	2	8	0	0	0	0	0	0	2	0	1	0	0	0	0	0
f993f18806a13e122d52f08f6a5c2a01	0	0	0	0	0	0	0	0	0	0	0	0	0	0	0	0	0	0	0	0	0	0	0	1	0	0	0	6	0	0	0	0	0	0	0	0	0	0	0	0	0	0
f9acdcbc34028b15197d160e9ee60daf	1	83	392	46	0	66	378	269	0	236	2	257	75	200	211	221	10	6	1016	47	151	0	49	0	0	686	0	0	0	51	116	467	94	132	526	0	202	549	0	0	0	0
f9b6d65d11381bdd4aa60095d123917e	0	2895	0	0	0	0	277	83	0	0	0	0	3	0	0	0	0	38	0	218	0	0	0	0	0	0	0	0	0	0	0	2	97	0	0	0	0	833	0	0	1	0
f9f00bd5bd61c67f050095f4d489f22c	39	0	392	551	0	988	10	1938	44	912	0	422	8	561	3984	531	225	838	863	181	3156	0	58	0	1	862	0	0	65	77	250	546	2472	108	104	0	324	15	0	0	0	0
fa1e804f8d6ddcd68588ad26cf73302c	0	0	0	0	0	0	0	0	0	0	0	0	0	0	0	0	0	0	0	0	0	0	0	0	0	0	0	3	0	0	0	0	0	0	0	0	0	0	0	0	0	0
fa69e919104591378c2b931bbe1d94cd	0	0	1771	117	0	29	63	936	1	907	0	292	0	262	843	157	167	258	3	141	358	1	331	2	2	516	0	0	0	190	160	5	800	344	1809	0	730	110	2262	2	0	0
fc79c4c66ba18108426bc2f6de636734	0	0	1	0	0	0	0	0	0	0	0	0	0	0	0	0	0	0	0	0	0	0	0	0	0	0	0	0	0	0	0	0	0	0	0	0	0	0	0	0	0	0
fc94bda7c0a8ea5b5b3557e88a0f749c	0	0	0	0	0	0	4	0	0	0	0	0	0	0	0	0	0	0	0	0	0	0	1	0	0	0	1	0	0	0	0	0	1	0	0	0	0	0	5	0	0	0
fcf27b04945a673d1564e335d4fee62b	0	0	0	0	0	0	0	0	0	0	0	0	0	0	0	0	0	0	0	0	0	0	0	0	0	0	0	1	0	0	0	0	0	0	0	0	0	0	0	0	0	0
fd2dd865186de98658bdec2afc6464ae	0	2	0	0	0	0	0	0	0	0	0	0	8	0	0	0	0	0	0	0	0	0	0	0	0	0	0	0	0	0	0	0	0	0	0	0	0	0	0	1	0	0
fdcfa15f59756d87a53531ee87045d13	1	18	0	0	14	0	0	0	1	0	0	0	119	0	0	0	0	0	0	0	0	0	0	0	0	0	6	0	0	0	1	0	0	0	0	11	0	0	1	3	0	0
fe4e7f54d8e0b7c41d9a01451fc3e1ec	0	0	0	0	6	0	0	0	0	0	0	0	0	0	0	0	0	0	0	0	0	0	0	0	0	0	1	0	0	0	0	0	0	0	0	4	0	0	0	0	0	0
fe76d889e433bc2e31bc915f39fe818e	0	0	0	0	0	0	0	0	0	0	0	0	0	0	0	0	0	0	0	0	0	0	0	0	0	0	0	0	0	0	0	0	0	0	0	0	0	0	1	0	0	0
fee300e0f479f9419ed2ba57cf3ca555	47	34	14	1	19	0	27	45	4	2	0	2	30	14	9	4	10	0	8	2	4	360	11	361	9	7	417	0	0	0	5	8	2	6	0	0	4	7	90	329	295	185
