#OTU ID	SRR14065308	SRR14065340	SRR14065341	SRR14065392	SRR14065395	SRR14065400	SRR14065406	SRR14065408	SRR14065413	SRR14065418	SRR14065429	SRR14065444	SRR14065495	SRR14065520	SRR14065527	SRR14065559	SRR14065561	SRR14065565	SRR14065566	SRR14065606	SRR14065629	SRR14065676	SRR14065680	SRR14065689	SRR14065714	SRR14065724	SRR14065760	SRR14065764	SRR14065780	SRR14065800	SRR14065801	SRR14065802	SRR14065805	SRR14065812	SRR14065820	SRR14065848	SRR14065866	SRR14065871	SRR14065884	SRR14065898	SRR14065911	SRR14065914
0071ef14fbfad85046d411896a863c01	0	1	159	0	0	28	0	0	0	35	0	0	0	79	0	29	30	0	0	0	0	0	17	0	0	0	0	0	0	24	22	0	0	34	93	0	72	32	0	0	0	0
00786f1fa47b70714a3bbc235cb4bb34	0	0	0	0	0	0	0	0	0	0	0	0	0	0	0	0	0	0	0	0	0	0	0	0	0	0	0	1	0	0	0	0	0	0	0	0	0	0	0	0	0	0
01c7f788503e9b69650798fc4e09a752	0	0	0	0	0	0	0	0	0	0	0	0	0	0	0	0	0	0	0	0	0	0	0	0	0	0	0	0	0	0	0	0	0	0	0	0	0	0	0	0	0	3
02a034c2326f880c59737bb7fc861d6a	0	0	0	0	0	0	0	3	0	0	0	0	0	0	0	0	0	0	0	0	0	0	0	0	0	0	0	0	0	0	0	0	0	0	0	0	0	0	0	0	0	0
03180130325e3a2120a8effe3365c2b1	0	89	0	0	0	0	1	0	0	0	0	1	25	0	0	0	0	0	0	0	0	0	0	0	0	0	0	0	0	0	0	0	0	0	0	0	0	0	11	0	0	0
0491d60f93cf793d9de07ae6ae7764a1	0	0	0	0	0	0	0	0	0	0	0	0	0	0	0	0	0	0	0	0	0	0	0	0	0	0	0	0	0	0	0	0	0	0	0	156	0	0	0	0	16	0
05e05e7af62fc92a0675a51043437c23	0	2	5	0	0	0	0	0	0	0	0	0	0	0	0	0	0	0	0	0	0	0	0	0	0	2	0	0	0	0	0	0	0	0	0	0	0	2	0	0	0	0
078f29da0ba066ab75728f10dc1b44ae	9778	931	0	0	6920	0	1	0	4	0	1	0	465	0	0	0	0	0	0	0	7	181	0	0	0	0	0	0	2	0	0	0	0	0	1	55261	0	0	265	390	8	4128
09e757a82b16f3a776ee7160be2e6f7f	0	1	2	0	0	0	0	0	0	0	0	0	0	4	0	0	2	0	0	1	0	1	0	0	0	2	0	0	0	0	0	0	0	0	0	0	0	0	0	0	8	0
0db132019fc2e14c6158ea3dc56ef761	0	0	1	0	0	0	0	0	0	0	0	0	0	63	0	0	82	0	350	2	0	0	0	0	0	0	0	0	0	0	85	368	1	0	0	0	0	0	0	0	0	0
0e93d24a367e66b5ae764a069374abbf	5	0	1	0	1	0	1	0	0	0	1	0	15	0	0	0	0	0	0	1	1	0	2	0	0	2	33	32	0	0	4	0	0	0	2	11	0	0	3	7	1	66
0fc0d02136637ce93e4180f112f56955	159	33	0	0	6	0	0	0	0	2	0	5	139	0	0	0	0	0	0	0	0	5	0	1086	0	0	0	0	40	0	0	0	0	1	1	0	0	0	0	2301	50	92
10a2fa2b4a929051283ce9462a81f446	247	311	98	0	2	0	36	0	0	101	181	0	112	1	21	0	0	0	0	0	5	1047	194	0	9	23	635	21	3	0	1	0	0	8	6	3438	0	20	6348	503	135	578
10a39234c451fc31fbdab4856a699258	0	1	1172	116	0	106	934	153	0	233	0	309	0	915	104	196	217	13	83	51	612	0	958	0	0	222	0	0	0	106	564	145	192	319	538	0	547	1516	0	1	0	0
111df4331c47f9bbdadbd0abc74a9e47	0	0	0	0	0	0	0	0	0	0	0	0	0	0	0	0	0	0	83	0	0	0	0	0	0	0	0	0	0	0	0	33	0	0	0	0	0	0	0	0	0	0
1231f49abb19bbcbbad767795a2709db	162	14	143	14	1	1	36	411	0	25	299	28	61	110	6	81	233	24	58	10	198	76	2102	1	4	27	122	371	1	13	317	8	164	136	105	113	114	30	110	0	0	0
17e994face6cbb8df85e9620f2422117	0	0	0	58	0	1	54	0	0	9	0	5	659	347	8	0	587	0	143	13	146	1558	0	0	0	0	0	0	0	0	99	61	1	26	1	0	0	58	0	0	0	0
199c401832167143dcaba91ccd7fddb7	0	0	0	0	0	0	0	2	0	0	0	0	0	0	0	0	0	0	0	0	0	8	0	0	0	0	0	2	0	0	0	0	4	3	0	1	0	0	0	0	0	0
1a933f9e6a0d9df2badc1d5177f510b2	0	0	0	0	0	1	0	17	0	0	0	0	0	0	0	0	0	0	0	0	0	0	0	0	0	0	0	0	0	0	0	0	0	0	0	0	0	0	0	0	0	0
1ad4ba20218ced7bd629e308f7d7eaaf	0	0	0	0	0	0	0	0	0	0	0	0	0	0	0	0	2	0	0	0	0	0	0	0	0	0	0	0	0	0	13	0	0	0	0	0	0	0	0	0	0	0
1d2f7c7c687fa06a78ff2616e0ed6e94	5	0	0	0	0	0	0	0	0	0	0	0	0	0	0	0	0	0	0	0	0	0	0	0	0	0	0	0	0	0	0	0	0	0	0	0	0	0	0	0	0	0
212db3fb7f4479fb86c3e7bde12a52da	0	0	0	0	0	0	0	0	0	0	0	0	0	0	0	0	0	0	0	0	0	1	0	0	0	0	0	0	0	0	0	0	0	0	0	0	0	0	0	1	0	4
23a8b2d0e62d121304f7812b25e27a26	0	0	134	0	0	0	0	0	0	14	2	0	0	0	3	0	0	0	2	2	0	0	3	0	0	2	0	0	0	0	0	1	0	1	0	0	0	1	4	0	0	0
27aaf136de3b6eb5e296b0df1c105262	0	1	9	0	1	0	0	0	0	5	0	1	0	8	1	2	1	0	1	0	0	0	6	0	0	3	1	0	0	0	4	1	2	2	0	0	5	0	0	0	0	0
29d229105ffad984efb45ec0e6b3a667	2	0	18	15	0	0	15	0	6	0	0	0	0	68	7	0	55	1	175	116	5	0	3	0	1	3	0	0	0	0	67	94	0	0	0	0	0	5	0	0	0	0
2ec25b950f335aa8bb5cb9e728fbdd5a	8	0	30	5	0	510	3	15	0	6	0	25	0	12	22	35	3	124	0	2	89	0	0	0	0	122	0	0	0	4	35	0	29	18	43	0	0	0	0	0	0	0
2edba71360528e049e7d5b6f85427931	0	1	0	1	0	0	0	0	0	0	0	0	0	0	0	0	1	0	1	0	3	0	0	1	0	0	3	4	0	0	0	0	1	1	0	1	0	0	0	8	0	13
2f17f10bd2323a22b5785a85331534ac	0	1	2760	0	0	0	1	7	1	2	0	138	0	2223	620	146	295	3	3	18	0	122	976	2	1	286	2	0	0	0	723	22	18	638	1	0	1162	14	1	3	0	0
30a5d9ff99fe1c60ac9aa0f4be195b4a	117	159	0	0	81	0	4	48	36	34	9	0	1253	0	57	0	0	2	0	0	0	0	0	2	0	0	321	116	28	0	0	0	0	9	0	0	0	0	0	283	13	0
32174b1f8d41dd5cdf8ed6b663a5a99e	0	0	0	0	0	0	0	0	0	0	0	0	0	0	0	0	0	0	0	1	0	0	0	0	0	0	0	0	0	0	0	0	0	0	0	0	0	0	0	0	0	0
32f470d97ae19e2eedf563b3c4c5628b	0	0	0	0	0	0	0	0	15	0	0	0	0	1	0	0	1	0	0	0	0	0	0	0	0	0	0	0	0	0	0	26	0	0	0	0	0	0	0	0	0	0
37aff6547ae9b77cf17c72e5071b861d	0	0	0	0	0	0	0	0	0	0	0	0	0	0	0	0	0	0	0	0	0	0	0	0	0	0	0	0	0	0	0	0	0	0	0	0	0	0	0	1	0	0
38025f9fc7ef9f3db4ac93a3fc3c5b23	0	241	651	1	0	5	22	16	3	120	12	48	3	16	153	13	70	1	95	31	38	0	11	80	54	111	0	0	1	0	22	98	10	12	0	1	12	62	428	783	120	0
3bf30ec8de1124e0e20787d09bd36b80	0	0	93	0	0	0	0	0	0	0	0	0	0	0	0	0	0	0	0	0	0	0	0	0	0	0	0	0	0	0	0	0	0	0	0	0	0	0	0	0	0	0
3c71768146b77cdd0cf96413e4025fc0	0	0	0	0	0	0	0	0	0	1	0	0	0	0	0	0	0	0	0	0	0	0	0	0	0	0	0	0	0	0	0	1	0	0	0	0	0	0	0	0	0	0
3d6d8cd2c33789b44a8e9e83bd48bd79	7	2	0	0	0	0	0	0	0	0	0	0	0	0	0	0	0	0	0	0	0	0	0	0	0	0	0	0	0	0	0	0	0	0	0	0	0	0	0	0	0	0
3db33009d767007cd47c31bfae2f4438	0	0	0	3	0	0	5	0	0	1	0	47	0	361	0	0	304	1	0	34	16	0	0	0	0	67	0	0	0	0	342	0	0	94	0	0	0	0	0	0	0	0
3e7a4a63de3a33ab7a363f1175abcaa8	2	0	100	0	0	3	101	7	322	31	0	21	119	85	22	5	140	0	49	14	1	494	73	5402	1300	36	1	0	3	8	22	80	2	49	0	0	36	59	1886	3527	1705	3309
40bbc5e135cace2aef5e588a89d2b0d9	0	0	0	0	1	0	0	0	0	0	0	0	0	0	0	0	0	0	0	0	0	0	0	0	0	0	0	0	0	0	0	0	0	0	0	0	0	0	0	0	0	0
4251942c1ce6355efed7952509014caa	0	0	0	0	0	0	0	2	0	0	0	0	0	0	0	0	0	0	0	1	0	0	0	0	0	4	0	0	0	0	1	1	4	3	0	0	0	0	0	0	0	0
43ee6acb9bf386c49a02fdf136a4a2fe	46	0	137	112	0	3	21	19	13	0	0	3	0	0	22	11	0	5	43	23	141	0	53	111	0	17	0	1	0	5	1	64	21	27	7	0	59	10	0	0	0	0
45c091359e8d579a3a337929efbeee7c	0	0	0	0	0	0	0	0	0	0	0	0	0	0	0	0	0	0	0	0	0	0	0	12	0	0	0	0	31	0	0	0	0	0	0	0	0	0	0	8	0	0
48d6f2748434d8e1c7f192497502cf04	0	0	0	0	0	0	0	0	0	0	0	0	5	0	0	0	0	0	0	0	0	0	0	0	0	0	0	0	0	0	0	0	0	0	0	0	0	0	0	0	0	0
4c546e24f53b4fe7d85ed3ca3cb6f32f	9189	0	2250	36	0	1	1	0	0	0	0	0	0	0	1	83	0	0	1	0	61	0	471	0	318	0	0	1	0	0	0	0	1	0	0	0	782	0	0	0	0	0
4cf8ca2c88d96a3c75bff0a7b1d71593	523	0	0	0	0	0	0	0	0	0	0	0	85	0	0	0	0	0	0	0	0	0	0	0	0	0	0	0	0	0	0	0	0	0	0	0	0	0	0	0	0	0
4d44de6a3a176bb46667c088efe43bf6	0	0	0	0	0	0	0	0	0	0	0	0	13	0	0	0	0	0	0	0	0	0	0	0	0	0	0	0	0	0	0	0	0	0	0	0	0	0	0	8	0	0
4d5a89e740c535fe4f5b1bd24add3e37	0	10	0	0	1	0	1	0	0	0	0	0	1201	0	41	0	0	0	0	0	0	0	0	0	0	0	11	7126	62	0	0	0	0	0	0	4013	0	0	0	19	1	0
505045760698ead319d4ff535faefeab	3	1	1	0	0	0	0	2	0	0	0	0	0	1	0	0	0	0	0	0	0	0	0	2	0	0	8	2	0	0	2	0	0	1	0	0	0	0	0	2	0	251
55acb2c5c3ef1c0a2c83e055d57d084c	0	0	0	0	0	0	0	0	0	1	0	0	0	0	0	0	1	0	0	0	0	0	1	25	34	0	0	0	76	0	0	4	0	0	0	0	2	0	136	218	0	0
5935244a7a7c88ffe7c005ba2889af25	0	0	0	0	0	0	0	0	0	0	0	0	5	0	0	0	0	0	0	0	0	0	0	0	0	0	0	0	2	0	0	0	0	0	0	0	0	0	0	14	0	0
59401186c04d6686d6c1899f9ba53242	0	0	0	0	0	0	0	0	0	0	0	0	0	0	0	0	0	0	0	0	0	0	0	0	0	0	0	0	0	0	0	0	0	0	0	0	0	0	0	0	0	9
5acc903245d239b57c3e967ced6d635b	0	0	0	0	0	0	0	0	0	0	0	0	0	0	0	0	0	0	0	0	1	0	0	0	0	0	0	0	0	0	0	0	0	0	0	0	0	0	0	0	0	0
5d3d4b26d52971e81a33fa01fd550ee9	0	0	0	0	0	0	0	0	0	0	0	1	0	0	0	0	0	0	21	0	2	0	0	0	0	0	0	0	0	0	0	0	0	0	0	0	0	0	0	0	0	0
5e449206e2d8559c19c946cdb48e26e3	0	0	361	1	0	27	5	3	0	21	0	21	0	0	55	3	0	0	27	4	9	0	37	0	0	25	0	0	0	20	0	35	6	37	26	0	60	44	0	0	0	0
5f4410fbe40474c8904bf77586ed21dc	1	0	0	0	0	0	0	0	0	0	0	0	0	0	0	0	0	0	0	0	0	0	0	0	0	0	0	0	0	0	0	0	0	0	0	0	0	0	0	0	0	0
628054a712fa1fa4e725f21388b1dc7d	0	0	0	0	0	0	0	0	0	0	0	0	0	0	0	0	0	0	0	0	0	0	0	2	0	0	0	22	0	0	0	0	0	0	0	0	0	0	0	1	0	0
62fd390fb436a4b3081d8b303233c20a	0	0	24	0	0	0	1	1	0	22	50	0	81	0	3	0	0	1	0	0	1	1635	9	29	1	4	0	13	0	0	1	0	11	4	0	8	0	0	1	1660	166	0
648771008eae710fde98d47cd8a951f6	0	0	1	0	0	0	0	0	0	0	1	0	0	0	0	0	0	0	0	0	0	0	1	0	0	0	0	0	0	0	0	0	0	0	0	0	1	0	0	0	0	0
6618d764e65f6b3a080ce7da14652d68	0	1	0	0	0	0	0	0	0	0	1	0	0	0	0	0	0	0	0	0	0	0	0	0	0	0	0	0	2	0	0	0	0	0	0	0	0	0	1	2	0	0
6866b8d110b2b80b01b06fcdecb7c0c7	0	0	0	0	0	0	0	0	0	0	0	0	0	0	0	0	0	0	0	0	0	0	0	0	0	0	0	0	0	0	0	2	0	0	0	0	0	1	248	0	0	56
691f56ec60d3758cd26bf5da7df43c3d	25	38	1	0	2534	0	0	201	0	1	0	1	5	1	0	0	0	0	1	0	0	1	0	0	1	0	15708	4	0	0	0	1	0	0	0	4	0	0	4	0	33	0
692468544b4da2dcf57e2382eab28819	0	0	0	2	0	0	0	0	0	0	0	0	0	0	0	0	0	0	0	0	0	0	0	0	0	0	0	0	0	0	0	0	0	0	0	0	0	0	346	0	0	0
6aea863376d4eaef3fa32f1cc8944705	0	10	0	0	0	0	7	0	0	0	0	0	0	0	0	0	0	6	0	1	0	0	0	0	0	0	0	0	0	0	0	0	0	0	0	0	1	19	0	0	0	0
6b5d7d9517bdc00395b271deabf6b236	0	0	0	0	0	0	0	0	0	0	0	0	0	0	0	0	0	0	0	0	0	0	0	0	0	0	0	0	0	0	0	0	0	0	1	0	0	0	0	0	0	0
6d716c5427c69a07a9e6b0a3065e7205	0	5979	1062	314	38919	0	31	202	16	3	0	166	1	0	107	0	1	21	548	50	262	5	194	4874	3	320	20619	4	4762	0	0	194	189	670	1	0	202	13	31563	2	5	0
6dafe83c944f190dddb5195f06963db6	0	0	2	0	0	0	0	1	0	0	0	0	0	0	0	0	0	0	0	0	0	0	0	0	0	0	0	0	0	0	0	0	1	0	0	0	0	0	0	0	0	0
761b7b44ca978c1cb75cb0f0e9a40257	1	0	24	42	0	85	0	2	0	24	0	39	85	2	80	43	1	35	0	31	223	0	41	238	131	5	0	0	68	68	3	4	6	37	61	0	59	0	0	557	2	0
7962d243b44c8c8141ad766b94c8f362	0	0	0	0	0	0	0	0	0	0	0	0	0	0	1	0	0	0	0	0	0	2	0	107	0	0	0	0	2	0	0	0	325	0	0	0	0	0	100	1	0	0
7a20a1a88d1904930e1f87b93a49e237	0	156	8	4	0	0	3	0	43	12	1	2	230	12	5	1	6	0	0	4	0	0	6	513	28	2	0	0	448	2	10	4	1	2	3	0	10	2	141	2500	1036	0
7b2c1a4a286d1e8494d2160591217b87	0	0	1	0	0	0	0	0	0	0	0	0	0	0	0	0	0	0	0	0	0	0	0	0	0	0	0	0	0	0	0	0	0	0	0	0	0	0	0	0	0	0
7ba47ed4d1c9e7b4d22cbc5869e1b8ab	0	0	0	0	0	0	0	0	0	0	0	0	0	0	0	1	0	0	0	0	0	0	0	0	0	0	0	0	0	0	0	0	0	0	0	795	0	0	15	0	0	18
7de1921d8eddf01107e9d68d3472bfdb	0	0	0	0	0	0	0	0	0	0	0	0	1	0	0	0	0	0	0	0	0	0	0	0	0	0	0	4	0	0	0	0	0	0	0	0	0	0	0	0	0	0
7f2f9053d672e619ea40a73527cc4546	2782	16	2099	1186	0	2	944	3	2968	711	7155	2956	9490	10537	12563	3133	1889	2	2788	1913	2382	1	1624	10	2580	4384	0	3	0	2	5275	2449	2	3210	11	3	2477	818	0	5	36470	3
7f696e39a0f8863a374ebfcd947d2340	841	5843	22	0	1	1	0	14	531	5	210	2	645	24	30	1	3	0	55	0	2	0	16	245	196	0	0	2	752	1	13	98	11	12	0	2	6	0	466	5900	941	0
8131e27efd40a109b7060275d5d76487	0	0	0	0	0	0	0	0	0	0	0	0	0	0	1	0	0	0	0	0	0	0	0	0	0	0	0	0	0	0	0	0	0	0	0	0	0	0	0	0	0	0
81fd1c36367ad9863116257767319634	0	0	0	0	0	0	0	0	0	0	0	0	178	4	0	0	1	0	0	0	0	0	0	0	0	0	0	0	0	0	13	0	0	0	0	0	0	0	0	0	0	0
82890eb6bd51a7fbf8070fce11302922	0	0	6	0	0	0	0	0	0	3	3	0	9	0	0	0	0	0	0	0	0	1	15	0	1	0	0	1	0	0	0	0	0	0	0	0	0	0	585	1	0	0
836d435483c9812b120c2dbbacdf75c1	0	0	1498	29	0	286	804	571	0	63	0	864	1131	0	437	381	0	211	1234	54	333	0	203	0	0	1490	0	1	0	132	0	1479	417	242	2764	0	969	845	0	0	0	0
85a1e63ecaf79b533d8763608379fe3f	0	0	6	0	0	0	0	1	0	0	0	0	0	0	0	0	0	0	0	0	0	0	4	0	0	0	0	0	0	0	0	2	4	3	0	0	2	0	2	157	0	0
85d740a59de7df9b5a8916891177d1a0	0	0	0	0	0	0	0	10	0	0	0	0	0	0	0	4	0	4	3	0	0	0	0	0	0	0	0	0	0	0	0	0	9	1	0	0	0	0	0	0	0	0
8837b8eae033dd53cdf8f1969667921f	0	0	0	0	0	0	0	0	0	0	0	0	0	0	0	0	0	0	0	0	0	0	0	0	0	0	0	0	0	0	0	0	0	0	0	0	0	0	2	0	0	0
901d8ed2db3df4a849784c0539dee341	0	0	0	0	0	0	0	0	0	0	0	0	0	0	0	0	0	0	0	0	0	0	0	0	0	0	0	0	0	0	0	0	0	0	0	0	0	0	0	0	1	0
90ac5152156a19ff1111a3b72feaccb9	0	0	0	9	0	0	0	29	0	0	0	0	0	0	0	0	0	1	0	0	34	1	0	0	0	0	0	0	0	0	0	0	0	0	0	0	0	0	0	0	0	0
91ccf38e4cb9444ef2c4b7023a8ed6f8	4	0	0	0	0	0	1	0	3	2	45	0	680	0	1	0	0	0	0	0	0	0	0	2	1	0	1	1	0	0	0	0	0	0	0	0	0	0	0	86	6	0
91f2746472a331580e4b014eda21acd8	0	0	1	0	0	0	0	0	0	3	0	3	0	0	6	0	0	0	0	0	0	0	0	0	0	17	0	109	1	0	0	0	0	2	0	2	0	2	113	0	0	28
92b4a0f2f321b4b0bef7412afb426cc1	0	0	23	0	0	0	0	2	0	4	0	0	1	0	0	0	0	0	0	0	0	3	6	0	0	2	1	0	0	0	0	0	3	0	0	5	12	2	277	0	0	8
97f89ac664746c6df0831b4216693d68	0	0	0	0	0	0	0	0	0	0	0	0	0	0	0	0	0	0	0	0	0	0	0	0	0	0	0	0	0	0	0	0	0	0	0	0	0	0	4	0	0	0
9877682e82910f862b9f6a00a8451737	1	0	0	0	0	0	63	0	433	0	0	0	177	0	0	0	0	0	29	0	1	517	0	0	0	0	0	20607	0	0	0	30	0	0	0	0	1	3	595	0	269	0
9a9a12e8fba56be7a2fa43e9e7d47f4c	425	407	0	2	1	1	31	0	151	0	1	10	383	49	2	0	9	0	0	1	6	14244	0	81	1	0	1	1661	92	1	1	2	16	3	0	3	1	0	10379	4303	102	40824
9f819ed41ca3656d4bc9c2fc9e5d1c4f	32	11	82	0	0	7	0	44	0	3	27	1	27	7	1	5	6	3	0	0	1	0	116	0	2	14	0	191	12	3	25	0	38	27	17	9	44	11	37	1	10	102
a07b1387c945270bd71ea741affa7579	10	101	0	0	183	0	0	0	9	0	0	0	7048	0	16	0	0	0	1	1	0	0	0	0	0	0	419	0	1	0	0	0	0	0	0	1127	0	0	12	67	9	0
a26edef6955445763c08030b12b8ec36	0	2	6050	111	0	2028	635	1142	1	1131	0	391	2581	5140	1335	1457	457	771	1994	139	266	0	634	2	2	876	0	1	0	244	1502	804	1888	2654	1060	0	1223	292	0	0	1	0
a67a52d3604c06accbcbdc0f91805d98	9	0	0	0	0	0	0	0	0	0	0	0	4	0	0	0	0	0	0	0	0	0	0	0	0	0	0	0	0	0	0	0	0	0	0	0	0	0	0	0	0	0
a83806580b762036d16df15435d07df5	0	0	0	0	0	0	0	0	0	0	0	0	0	0	0	0	0	0	0	0	0	0	0	0	0	0	0	0	0	0	0	0	0	1	0	0	0	0	0	0	0	0
a9008321801a31cb6135c72876ef9cde	0	0	0	0	0	0	0	0	0	0	0	0	0	0	0	0	0	0	0	0	0	0	0	0	0	0	0	3	0	0	0	0	0	0	0	0	0	0	0	0	0	0
aa7080c717f3ac34b8461c3bd4a795a3	0	0	0	0	0	0	3	0	0	0	0	0	0	0	0	0	0	0	0	0	0	0	0	0	0	0	0	0	0	0	0	0	0	0	0	0	0	0	0	0	0	0
ab48b28d837d70d510f6afbed8f6b9f6	0	0	0	0	0	0	0	0	0	0	0	0	0	0	0	0	0	0	0	0	0	0	0	0	0	0	0	0	0	0	0	0	0	0	0	0	0	0	0	1	0	0
ac903b9245d9dddc7d2969bdc41ddaa4	0	0	0	0	0	0	0	0	0	0	0	0	0	0	0	0	1	0	0	0	0	0	0	0	0	0	0	0	0	0	0	0	0	0	0	0	0	0	0	0	0	0
b2c8b5b8ed339030aa2c1445d59c585e	0	0	1	0	0	0	0	0	0	0	0	0	0	0	0	0	0	0	0	0	0	0	1	0	0	0	0	0	0	0	0	0	0	0	0	0	0	0	0	0	0	0
b459346302631e31c4fbe8c26b6bf041	0	0	0	0	0	0	20	0	5	0	0	0	0	0	0	0	0	0	0	0	0	0	0	0	0	0	0	0	0	0	0	0	0	0	0	0	0	0	0	0	0	0
b513c3cf86e184b7b2f5852152c3ca50	0	0	0	0	0	0	726	0	0	1	0	480	0	0	247	0	0	0	0	48	0	0	0	0	0	44	0	0	0	0	0	0	0	2031	0	0	0	239	0	0	0	0
b734b11c164c4634b1590b3b393488f4	0	0	0	0	0	0	0	0	0	0	0	0	0	0	0	0	0	0	0	0	0	0	0	0	0	0	0	0	0	0	0	0	0	0	0	1	0	0	1	0	0	0
b83e35b822dc1182fd8302daa1758954	0	0	0	73	0	0	0	208	0	0	0	175	0	0	268	0	14	120	224	0	100	0	0	0	122	156	1	0	0	0	0	200	460	58	0	0	0	0	0	0	0	0
b91a33af208438fbe6325ceb0b61bfe4	0	0	0	0	0	0	2	1	0	0	0	0	1	0	0	0	0	0	0	0	0	0	0	0	0	0	0	0	0	0	0	0	0	0	0	0	0	0	1	0	0	0
ba1d2b0e7bfb861cbc2a446488327ce1	6923	179	0	0	0	0	0	0	0	0	0	0	0	0	0	0	0	0	0	0	0	0	0	0	0	0	0	0	0	0	0	0	0	0	0	0	0	0	0	0	0	0
bab0cac78efea9180cf338d8e79cc041	1	0	0	0	0	0	0	0	0	0	0	0	12	0	0	0	0	0	0	0	0	0	0	0	0	0	0	0	0	0	0	0	0	0	0	0	0	0	0	6	0	0
bafd85d4f0768e103989241ec7e67b8f	0	89	0	0	0	0	0	0	25	0	0	0	0	0	0	0	0	0	0	0	0	10	0	0	38	0	0	27	183	0	0	0	0	0	0	112	0	0	0	0	0	0
bf21f9f9482e4d449825423d7faa4843	6	0	0	0	3	0	0	0	0	0	0	0	10	0	0	0	0	0	0	0	0	0	0	0	0	0	17	0	0	0	0	0	0	0	0	0	0	0	0	0	0	0
bf2db85a2a065a3bc0379d704248565e	1	0	0	0	0	0	0	0	0	0	0	0	0	0	0	0	0	0	0	0	0	0	0	0	0	0	0	0	0	0	0	0	0	0	0	0	0	0	0	0	0	0
c16b499cfca110f6e06a7c4823ab5194	0	0	0	1314	0	340	0	0	0	621	67	0	1	0	0	276	0	0	1149	8	1364	0	0	0	1	1	0	0	0	299	1	704	0	0	0	0	0	0	0	0	0	0
c2c949084c934a7c16f3db8a95f62e14	0	0	0	0	0	0	0	0	0	0	0	0	0	0	0	0	1	0	0	0	0	0	0	0	0	0	0	0	0	0	0	0	0	0	0	0	0	0	0	0	0	0
c3c9bbe54a247d67560957d4800e6c02	0	0	0	0	0	0	0	0	0	0	3	0	0	0	0	0	0	0	0	0	0	0	0	0	0	0	1	1	0	0	0	0	0	0	0	0	0	0	0	0	0	0
c635dd09aed47658e8647d297faa1d9b	0	0	0	0	0	4	0	0	0	11	0	0	254	0	0	1	0	0	721	0	0	0	0	0	0	0	0	0	0	20	0	867	0	0	138	0	0	0	0	0	0	0
c7eb4e7788f5e1aeb465f54bc72790f5	0	0	1	9	0	0	0	7	0	0	0	0	0	6	4	0	11	4	1	0	8	0	0	0	0	2	0	0	0	0	1	1	3	1	1	0	0	0	0	0	0	0
cb9226cb1f07efde25b5b1e1a1a8511d	0	1	0	0	0	0	0	0	0	0	0	0	0	1	0	0	0	0	0	0	0	0	1	0	0	0	0	19	0	0	0	0	0	0	0	0	0	0	0	0	0	0
cd1fec6f68c3adea3bc26c8be93a2f20	0	0	0	0	0	0	0	0	0	0	0	0	0	0	0	0	0	0	0	0	0	0	0	144	0	0	0	0	0	0	0	0	0	0	0	0	0	0	0	1	19	0
cdddcded9a2847330f88a240feef0ed7	0	0	0	0	0	0	0	0	0	0	136	0	0	0	0	0	0	0	0	0	0	0	0	0	0	0	0	0	0	0	0	0	0	0	0	0	0	0	0	0	455	0
cf61ecb82b4d6c8fa2b89c68e4d4382c	0	0	0	0	0	0	0	0	0	0	0	0	0	0	0	0	0	0	0	0	0	0	0	0	0	0	0	0	0	0	0	0	0	0	0	0	0	0	0	0	0	1
d0c62b2312dafb51eb556abfea626bb2	0	0	0	0	0	0	0	0	0	0	0	0	1	0	0	0	0	0	0	0	0	0	0	0	0	0	0	0	0	0	0	0	0	0	0	0	0	0	0	0	0	0
d0f8a753f02ac69267bd189dc634e071	0	3	0	0	0	0	0	0	0	0	0	0	0	0	0	0	0	0	0	0	0	0	0	0	5	0	0	1	7	0	0	0	0	0	0	2	0	0	0	0	0	0
d2a20c9fa0fe6548d9cc6d52b29dcaf1	110	0	0	0	231	0	0	0	0	0	0	1	0	1	0	0	0	0	0	0	5	0	0	469	0	0	1413	0	0	0	0	0	0	0	0	0	0	0	106	2217	878	0
d2bb3b9da137e8fe10439ad3ad4332d7	0	0	0	0	0	0	0	0	0	0	0	0	5	0	0	0	0	0	0	0	0	0	0	0	0	0	0	0	0	0	0	0	0	0	0	0	0	0	0	0	0	0
d3f6372eb0463dde0a42979d80c023b4	0	0	0	0	0	0	0	3	0	0	0	0	0	0	14	0	0	0	0	0	0	0	0	0	0	0	0	0	0	0	0	0	0	0	0	0	0	0	0	1	0	0
d4a9557ceea38514ca14013966728689	0	0	0	0	0	0	0	0	0	0	0	0	0	0	0	0	0	0	0	0	0	0	0	1	0	0	0	28	0	0	0	0	0	0	0	0	0	0	0	0	0	0
d592fbfc2098d7a0163c7c03f102dbad	0	0	76	46	0	13	33	57	0	73	0	113	0	80	109	36	167	6	27	21	99	1	34	0	0	34	0	0	0	25	108	21	90	89	83	0	52	27	0	0	0	0
d5fc3e7df25cc7a9e007eb6336421158	0	0	0	0	0	0	0	0	0	0	0	0	0	0	0	0	0	0	0	0	0	0	3	0	0	0	0	0	0	0	0	0	0	0	0	0	0	0	0	0	0	0
db5dc944be643cea343f1ddf7ac1df6a	0	0	0	0	0	0	0	0	0	0	0	0	0	0	0	0	0	0	0	0	0	1	0	0	0	0	0	0	0	0	0	0	0	0	0	0	0	0	1	0	0	1
e0df6df7404b87b6e23c84e47427dbba	0	0	0	0	0	0	0	0	0	0	0	0	2	0	0	0	0	0	0	0	0	0	0	0	0	0	0	0	0	0	0	0	0	0	0	0	0	0	0	0	0	0
e27624808bfee9cfc95d975957c68034	0	0	0	0	1	0	0	0	0	0	0	0	0	0	0	0	0	0	0	0	0	0	0	0	0	0	0	0	0	0	0	0	0	0	0	0	0	0	16	0	0	0
e40c5455bc21394879b947fa9ccca57d	0	2	91	0	0	0	0	0	0	0	0	6	0	0	1	0	0	0	1	0	0	0	0	0	1	0	0	0	0	0	0	0	0	0	0	0	0	0	0	0	0	0
e5c56b4fbf301b4dddc7eb82baa6c264	0	321	0	0	0	0	1	0	2	2	0	0	0	1	0	0	0	0	0	0	0	0	0	0	0	0	0	0	0	0	1	0	0	1	0	0	0	0	0	0	0	0
e8623de59f6226e4df9b6f5138131440	0	0	0	0	0	0	0	0	0	0	0	0	0	133	0	0	97	0	366	40	0	0	0	0	0	0	0	1	0	0	195	436	0	0	0	0	0	0	0	0	0	0
ed3304c316698fc1fd1191f01fec7b8a	0	0	0	0	0	0	1	0	0	0	0	0	0	0	0	0	0	0	1235	0	0	0	0	0	0	0	0	0	0	0	0	726	1	0	0	0	0	0	0	0	0	0
edbad93ab90ed18d22178acaf98e6a3c	0	0	8	12	0	7	0	0	6	15	30	1	0	4	2	2	9	0	4	3	10	0	2	0	66	0	0	0	2	1	5	3	0	1	4	0	0	0	12	4	0	0
edbc42c9e349fec50b74dbac924267ee	1	0	892	48	0	0	51	40	61	1	0	50	0	0	236	159	0	22	166	30	148	0	102	1	44	106	0	0	0	0	1	500	55	80	0	0	33	12	0	0	0	0
eddbbb0bb989cbb70f1cd88c6ed3ccb8	8	14191	15	380	1	1994	207	157	733	604	9	6	93	1768	9	696	487	40	12	85	710	0	15	5	23	9	0	3	0	446	1136	16	98	936	3834	0	11	218	0	2	113	0
f48f152f219093a8dec420d2ad3b08d2	0	0	0	0	0	0	0	0	0	0	0	0	0	0	0	0	0	0	0	0	0	6	0	0	0	0	0	1	0	0	0	0	0	0	0	0	0	0	3	4	0	8
f60587c79550b208af9acad5bb883f7b	0	0	0	0	0	0	107	0	163	0	0	0	0	0	0	1	0	0	0	9	0	0	0	946	1	0	0	0	32	1	1	1	0	1	1	0	0	44	0	0	0	0
f80f1f9abfb1fed26379082bb77fc2b7	0	732	114	28	0	0	0	8	0	0	0	5	0	17	3	0	1	23	138	2	203	0	27	0	268	7	0	0	0	0	12	106	77	0	0	0	3	0	0	0	0	0
f81852fda517e5fc5a2db6f415828fda	0	0	0	0	0	0	0	16	0	0	0	0	0	0	0	1	0	0	0	0	0	0	0	0	0	0	0	0	0	0	0	0	0	0	0	0	0	0	0	0	0	0
f993f18806a13e122d52f08f6a5c2a01	0	0	0	0	0	0	0	0	0	0	0	0	0	0	0	0	0	0	0	0	0	0	0	0	0	0	0	4	0	0	0	0	0	0	0	0	0	0	0	0	0	0
f9acdcbc34028b15197d160e9ee60daf	0	0	0	0	0	2	0	0	0	0	0	0	1	0	0	0	0	1	1	0	0	0	0	0	0	1	0	0	0	0	0	0	0	0	1	0	2	0	0	0	0	0
fa69e919104591378c2b931bbe1d94cd	0	0	2	24	0	0	1	127	0	12	0	5	0	0	0	8	0	55	0	5	83	0	0	0	0	0	0	0	0	9	0	0	93	0	68	0	3	2	3	0	0	0
fd2dd865186de98658bdec2afc6464ae	0	0	0	0	0	0	0	0	0	0	0	0	1	0	0	0	0	0	0	0	0	0	0	0	0	0	0	0	0	0	0	0	0	0	0	0	0	0	0	0	0	0
