#OTU ID	SRR14065308	SRR14065340	SRR14065341	SRR14065392	SRR14065395	SRR14065400	SRR14065406	SRR14065408	SRR14065413	SRR14065418	SRR14065429	SRR14065444	SRR14065495	SRR14065520	SRR14065527	SRR14065559	SRR14065561	SRR14065565	SRR14065566	SRR14065606	SRR14065629	SRR14065676	SRR14065680	SRR14065689	SRR14065714	SRR14065724	SRR14065760	SRR14065764	SRR14065780	SRR14065800	SRR14065801	SRR14065802	SRR14065805	SRR14065812	SRR14065820	SRR14065848	SRR14065866	SRR14065871	SRR14065884	SRR14065898	SRR14065911	SRR14065914
0071ef14fbfad85046d411896a863c01	0	1	220	0	0	35	0	0	0	46	0	0	0	104	0	36	39	0	0	2	0	0	22	0	0	0	0	0	0	30	35	0	0	44	116	0	87	42	0	0	0	0
00786f1fa47b70714a3bbc235cb4bb34	0	0	0	0	0	0	0	0	0	0	0	0	0	0	0	0	0	0	0	0	0	0	0	0	0	0	0	1	0	0	0	0	0	0	0	0	0	0	0	0	0	0
00b74d2891ff90170e02cf9e8d470931	0	0	0	0	0	0	0	0	0	0	0	0	1	0	0	0	0	0	0	0	0	0	0	1	0	0	0	1	0	1	0	0	0	0	0	0	0	0	0	0	0	0
01902389aca39c047eb2e1d703a8beb1	0	0	0	0	0	0	0	0	0	0	0	0	0	0	0	0	0	0	0	0	0	0	0	0	0	0	0	1	0	0	0	0	0	0	0	0	0	0	0	0	0	0
01c7f788503e9b69650798fc4e09a752	0	0	0	0	0	0	0	0	0	0	0	0	0	0	0	0	0	0	0	0	0	0	0	0	0	0	0	0	0	0	0	0	0	0	0	0	0	0	0	0	0	4
02a034c2326f880c59737bb7fc861d6a	0	0	0	0	0	0	0	3	0	0	0	0	0	0	0	0	0	0	0	0	0	0	0	0	0	0	0	0	0	0	0	0	0	0	0	1	0	0	0	0	0	2
0310d4e31293d4f2724e84da75794775	0	0	0	0	0	0	0	0	0	0	0	0	0	0	0	0	0	0	0	0	0	0	0	0	0	0	0	0	0	0	0	0	0	0	0	1	0	0	0	0	0	0
03180130325e3a2120a8effe3365c2b1	0	123	0	0	0	0	1	0	0	0	0	1	80	0	0	0	0	0	0	0	0	0	0	3	0	0	0	0	0	0	0	0	0	0	0	0	0	0	90	3	0	0
0491d60f93cf793d9de07ae6ae7764a1	1	0	0	0	0	0	0	0	0	0	0	0	0	0	0	0	0	0	0	0	0	0	0	0	0	0	0	0	0	0	0	0	0	0	0	2	0	0	0	0	1	0
04aebadda2a53017d63d227303457a6d	3	0	0	0	0	0	0	0	0	0	0	0	0	0	0	0	0	0	0	0	0	1	0	0	0	0	0	0	0	0	0	0	0	0	0	0	0	0	0	1	0	1
05e05e7af62fc92a0675a51043437c23	0	4	10	0	0	1	0	0	0	0	0	0	0	0	0	0	0	0	0	0	0	0	0	0	0	7	0	0	0	0	0	0	0	0	0	0	0	6	1	0	0	0
0617473f33fd3ab42aea04e0e9e7340d	0	0	0	0	0	0	0	0	0	0	0	0	209	0	0	0	0	0	0	0	0	0	0	0	0	0	0	0	0	0	0	0	0	0	0	0	0	0	0	0	0	0
078f29da0ba066ab75728f10dc1b44ae	12888	1365	0	0	9557	0	1	0	7	0	1	0	684	0	0	0	0	0	0	0	11	255	0	2	0	0	0	0	2	1	0	0	0	0	1	69138	0	0	386	516	11	5449
08af75dd89398bd6c309b28e3804ec2e	0	6	0	0	0	0	0	0	0	0	0	0	1	0	0	0	0	0	0	0	0	0	0	0	0	0	0	0	0	0	0	0	0	0	0	0	0	0	0	0	0	0
09e757a82b16f3a776ee7160be2e6f7f	7	27	108	18	0	3	8	0	10	27	9	49	51	428	345	55	27	1	30	34	11	1	38	2	8	170	0	0	0	2	197	25	3	76	14	0	56	5	0	1	97	0
0a34c46263f865dcca8ac971a3d67f7e	0	0	0	0	0	0	0	0	0	0	0	0	1	0	0	0	0	0	0	0	0	0	0	0	0	0	0	0	0	0	0	0	0	0	0	0	0	0	0	0	0	0
0b4d1957b63754cb79bf91bff43a973d	0	0	0	0	0	0	0	0	0	0	0	0	0	0	0	0	0	0	0	0	0	0	0	0	0	0	0	0	0	0	0	0	0	0	0	0	0	0	0	0	0	2
0b86245e284854643c6bdfb6375e2c4a	0	1	0	0	0	0	0	0	0	0	0	0	0	0	0	0	0	0	0	0	0	0	0	0	0	0	0	0	0	0	0	0	0	0	0	0	0	0	0	0	0	0
0bccffceae38132dc1c04799b491958b	0	0	0	0	0	0	0	0	0	0	0	0	0	0	0	0	0	0	0	0	0	0	0	0	0	0	0	0	0	0	0	0	0	0	0	13	0	0	0	0	0	0
0c53945d1b1e48f9030d2cf4c0f1dec4	0	0	0	0	0	0	0	0	0	0	0	0	0	0	0	0	0	0	0	0	0	0	0	0	0	0	0	0	0	0	0	0	0	0	0	1	0	0	0	0	0	0
0db132019fc2e14c6158ea3dc56ef761	0	0	2	0	0	0	1	0	0	0	0	0	0	135	0	0	148	1	677	10	0	0	0	0	0	0	0	0	0	0	184	659	1	0	0	0	0	0	0	0	0	0
0db80763d08eb95f6bc0a040a8ebeae0	0	0	0	0	0	0	0	0	0	0	0	0	1	0	0	0	0	0	0	0	0	0	0	0	0	0	0	2	0	0	0	0	0	0	0	1	0	0	0	0	0	0
0e93d24a367e66b5ae764a069374abbf	7	4	8	0	6	2	21	4	10	2	1	0	25	3	0	0	0	0	0	1	1	62	3	20	1	3	49	82	1	0	12	0	6	2	7	18	4	1	7	158	2	280
0eb783e53ae300b07a9631565db8b196	4	6	0	1	0	0	0	0	0	1	2	0	6	4	6	0	0	0	2	0	0	0	0	0	3	0	0	0	0	0	4	0	1	6	3	0	3	1	0	0	4	0
0fc0d02136637ce93e4180f112f56955	179	60	4	0	9	0	0	0	0	2	0	8	771	0	3	0	0	0	0	0	0	7	0	1421	38	0	0	0	82	0	0	0	0	1	1	0	0	0	22	2907	148	106
10a2fa2b4a929051283ce9462a81f446	324	408	170	0	643	2	50	3	0	146	258	0	172	1	30	1	0	1	0	1	7	8079	297	15	12	30	2946	44	9	0	9	0	3	14	15	4206	0	35	8047	1393	868	813
10a39234c451fc31fbdab4856a699258	1	2	2542	723	0	222	2082	283	0	450	0	597	0	1674	175	382	435	20	237	178	1628	2	1829	0	3	422	1	0	0	219	1021	343	315	647	1087	0	995	2995	0	2	0	0
111df4331c47f9bbdadbd0abc74a9e47	0	0	0	0	0	0	0	0	0	0	0	0	0	0	0	0	0	0	248	0	0	0	0	0	0	0	0	0	0	0	0	126	0	0	0	0	0	0	0	0	0	0
1231f49abb19bbcbbad767795a2709db	202	16	251	35	1	10	127	518	33	30	623	65	422	138	9	164	276	30	72	20	434	95	2680	28	5	31	169	478	10	18	405	12	211	244	147	139	192	46	227	141	19	630
155a0e52e17a1bd8e097e2cc9142906f	0	0	0	0	0	0	0	0	0	0	0	0	0	0	0	0	0	0	0	0	0	0	0	0	0	0	0	0	0	0	0	0	0	0	0	9	0	0	0	0	0	0
16fe3ae06eb1f31c97a341a643e61ada	0	16	0	0	0	0	0	0	0	0	0	0	0	0	0	0	0	0	0	0	0	0	0	0	0	0	0	0	0	0	0	0	0	0	0	0	0	0	0	11	0	0
1760812f89ade27da503a7d33f903f11	0	0	0	0	0	0	0	0	0	0	0	0	0	0	0	0	0	0	0	0	0	0	0	1	0	0	0	0	0	0	0	0	0	0	0	0	0	0	0	0	0	0
17e994face6cbb8df85e9620f2422117	0	0	0	80	0	1	68	0	0	13	0	6	882	502	14	0	796	0	193	16	194	2288	0	0	0	1	0	0	0	0	131	89	2	34	1	0	0	74	0	0	0	0
199c401832167143dcaba91ccd7fddb7	0	0	0	0	0	0	0	3	0	0	0	0	0	0	0	0	0	0	0	2	0	8	1	0	0	0	0	3	0	0	0	0	4	5	0	1	0	0	0	0	0	0
1a933f9e6a0d9df2badc1d5177f510b2	0	0	0	0	0	1	0	20	0	0	0	0	0	0	0	0	0	0	0	0	0	0	0	0	0	0	0	0	0	0	0	0	0	0	0	0	0	0	0	0	0	0
1ad4ba20218ced7bd629e308f7d7eaaf	0	0	0	0	0	0	0	0	0	0	0	0	0	2	0	0	3	0	0	0	0	0	0	0	0	0	0	0	0	0	16	0	0	0	0	0	0	0	0	0	0	0
1d2f7c7c687fa06a78ff2616e0ed6e94	6	0	0	0	0	0	0	0	0	0	0	0	0	0	0	0	0	0	0	0	0	0	0	0	0	0	0	0	0	0	0	0	0	0	0	0	0	0	0	0	0	0
1dbfb5da3c9bef58179011201accdb56	0	0	0	0	0	0	0	0	0	0	0	0	0	0	0	0	0	0	0	0	0	0	0	0	0	0	0	0	0	0	0	0	0	0	0	1052	0	0	0	0	0	0
212db3fb7f4479fb86c3e7bde12a52da	0	0	0	0	0	0	0	0	0	0	0	0	0	0	0	0	0	0	0	0	0	2	0	0	0	0	0	0	0	0	0	0	0	0	0	0	0	0	0	1	0	4
23254d5b088a633a8474eb164ad2d810	0	0	0	0	0	0	0	0	0	0	0	0	0	0	0	0	0	0	0	0	0	0	0	0	0	0	0	0	0	0	1	0	0	0	0	0	0	0	1	0	0	1
23a8b2d0e62d121304f7812b25e27a26	0	5	177	0	0	0	1	0	0	19	2	0	0	0	3	0	0	0	3	5	0	0	3	2	0	2	0	0	0	0	0	1	0	2	0	0	0	2	7	4	2	0
25503731b0d1a72bca5363a12fec6694	0	0	0	0	0	0	1	0	0	0	0	0	0	0	0	0	0	0	0	0	0	0	0	0	0	0	0	0	0	0	0	0	0	0	0	0	0	0	0	0	0	0
27aaf136de3b6eb5e296b0df1c105262	0	0	1205	24	0	0	6	11	1	226	0	31	1	402	202	160	57	0	18	19	51	22	248	2	20	115	0	1	0	0	114	56	12	141	0	0	231	9	0	0	0	0
27bf571b06d18cdc437cf2a58bcd0d92	0	0	0	0	0	0	0	0	0	0	0	0	0	0	0	0	0	0	0	0	0	0	0	0	0	0	0	0	0	0	0	0	0	0	0	0	0	0	0	1	0	0
29d229105ffad984efb45ec0e6b3a667	6	0	47	41	0	17	21	0	8	0	0	4	0	99	28	0	76	1	253	157	12	0	7	0	9	46	0	0	0	4	109	140	0	0	15	0	0	5	0	0	0	0
2ec25b950f335aa8bb5cb9e728fbdd5a	11	0	64	8	0	635	4	17	1	16	0	35	0	36	44	65	3	153	0	7	116	0	1	0	0	182	0	0	0	6	76	0	39	27	78	0	0	0	10	0	0	0
2edba71360528e049e7d5b6f85427931	0	1	0	1	0	0	0	0	0	0	0	0	0	2	0	0	3	0	1	0	3	0	0	2	0	0	3	6	1	0	1	0	3	1	0	1	0	0	4	9	2	18
2f17f10bd2323a22b5785a85331534ac	1	2	5765	45	0	0	37	35	207	4220	0	376	0	5370	1804	889	672	31	10	107	190	390	2378	2	289	781	6	1	0	0	1725	122	85	1953	1	0	2473	55	1	5	3	0
305e88c9b72912871f4e45fb3124e265	12	0	0	0	0	0	0	0	0	0	0	0	0	0	0	0	0	0	0	0	0	0	0	0	0	0	0	0	0	0	0	0	0	0	0	0	0	0	0	0	0	0
30a4882804d602c427c66251f73f186b	0	0	0	0	0	0	0	0	0	0	0	0	2	0	0	0	0	0	0	0	0	0	0	0	0	0	0	0	0	0	1	0	0	0	0	0	0	0	0	0	0	0
30a5d9ff99fe1c60ac9aa0f4be195b4a	213	239	0	0	131	0	7	66	50	44	11	0	2239	0	80	0	0	4	0	0	0	0	0	2	0	0	488	390	43	0	0	0	2	11	0	2	0	0	2	454	18	0
30b16b4c5715a5e5b5c26e7f1c51f440	0	0	0	0	0	0	0	0	0	0	0	0	0	0	0	0	0	0	0	0	0	0	3	0	0	0	0	0	0	0	0	0	0	0	0	0	0	0	0	0	0	0
32174b1f8d41dd5cdf8ed6b663a5a99e	0	0	0	0	0	47	9	642	0	156	0	243	0	0	0	0	0	357	0	79	0	0	0	0	0	66	0	0	0	0	0	0	607	0	0	0	0	4	0	0	0	0
32f470d97ae19e2eedf563b3c4c5628b	0	0	0	0	0	0	0	0	20	0	0	0	0	1	0	0	1	0	0	0	0	0	0	0	0	0	0	0	0	0	0	32	0	0	0	0	0	0	0	0	0	0
345a9aca91c4dcac84fe09e87a709c26	0	0	0	0	0	0	0	0	0	0	0	0	0	0	0	0	0	0	0	0	0	0	0	0	0	0	0	0	0	0	0	0	0	0	0	0	0	0	4	0	0	0
3584a6c23dac9dba5f5c4672d6cda32d	0	0	0	0	0	0	0	0	0	0	0	0	1	0	0	0	0	0	0	0	0	0	0	0	0	0	0	9	0	0	0	0	0	0	0	2	0	0	0	0	0	0
37aff6547ae9b77cf17c72e5071b861d	0	0	0	0	0	0	0	0	0	0	0	0	0	0	0	0	0	0	0	0	0	0	0	0	0	0	0	0	0	0	0	0	0	0	0	0	0	0	0	1	0	0
38025f9fc7ef9f3db4ac93a3fc3c5b23	0	425	857	1	0	5	31	33	3	167	13	69	9	32	194	19	104	1	129	52	50	0	14	120	68	160	0	0	1	0	32	124	11	16	2	1	21	80	536	961	204	0
3a5bac35c3e791bc8fa5b0b581e32306	0	0	0	0	7	0	0	0	0	0	0	0	0	0	0	0	0	0	0	0	0	0	0	0	0	0	0	0	0	0	0	0	0	0	0	0	0	0	0	0	0	0
3b51ddfe93898d995143d01c71b4b7d6	0	0	0	0	0	0	0	0	0	0	0	0	0	0	0	0	0	0	0	0	0	0	0	0	0	0	0	0	0	0	0	0	0	0	0	1	0	0	0	0	0	0
3bf30ec8de1124e0e20787d09bd36b80	0	0	113	0	0	0	0	0	0	0	0	0	0	0	0	0	0	0	0	0	0	0	1	0	0	0	0	0	0	0	0	0	0	0	0	0	0	0	0	0	0	0
3c71768146b77cdd0cf96413e4025fc0	0	3	17	2	3	0	0	0	0	8	0	0	0	1	0	0	2	0	0	0	0	0	10	0	0	3	1	0	0	0	1	2	1	5	0	0	8	0	2	0	0	4
3d6d8cd2c33789b44a8e9e83bd48bd79	178	14	0	0	0	0	0	0	0	0	0	0	0	0	0	0	0	0	0	0	0	0	0	0	0	0	1	0	0	0	0	0	0	0	0	0	0	0	0	0	0	0
3db33009d767007cd47c31bfae2f4438	1	0	0	6	0	0	5	0	0	2	0	80	0	639	0	0	531	1	0	42	23	0	0	0	0	113	0	0	0	0	555	0	0	207	0	0	0	0	0	0	0	0
3de4c0b039a545de6a586eaf535e598d	0	0	0	0	0	0	0	0	0	0	0	0	0	0	0	0	0	0	0	0	0	0	0	0	0	0	0	0	0	0	0	0	0	0	0	0	0	0	0	0	0	1
3e7a4a63de3a33ab7a363f1175abcaa8	1350	0	128	37	246	4	593	588	957	61	0	31	157	106	49	22	185	0	57	20	85	747	92	6814	1690	78	3118	0	4	10	28	117	10	82	1	0	40	111	2707	4571	5229	4015
3f4ade8624e3f2942f14ba0485e9e099	3	0	2	0	0	0	0	0	0	0	0	0	0	0	0	0	0	0	0	0	0	0	1	0	0	0	0	0	0	0	0	0	0	0	0	0	0	0	0	0	0	0
4046088f13211281dde179dd8ae012a9	0	6	0	0	0	0	0	0	0	0	0	0	0	3	0	0	6	0	0	0	0	0	0	0	0	0	0	0	0	0	1	0	0	0	0	0	0	0	4	3	0	0
40bbc5e135cace2aef5e588a89d2b0d9	0	0	0	0	1	0	0	0	0	0	0	0	0	0	0	0	0	0	0	0	0	0	0	0	0	0	0	0	0	0	0	0	0	0	0	0	0	0	0	0	0	0
41b71050939230ffe5a562bd2a46ce4c	0	0	2	0	0	0	1	0	0	1	0	0	0	0	0	0	0	0	1	0	1	0	1	0	0	3	0	0	0	0	0	2	0	0	4	0	1	2	0	0	0	0
4251942c1ce6355efed7952509014caa	0	0	1	0	0	0	0	5	0	0	3	0	0	0	0	0	1	4	0	1	0	0	0	0	0	6	0	0	0	0	4	2	5	5	0	0	0	0	0	0	0	0
43ee6acb9bf386c49a02fdf136a4a2fe	57	1	186	150	0	6	30	25	19	0	0	5	0	0	22	27	0	7	55	31	171	0	75	164	0	27	0	1	0	8	1	85	27	46	14	0	83	14	0	0	0	0
45c091359e8d579a3a337929efbeee7c	0	0	0	0	0	0	0	0	0	0	0	0	0	0	0	0	0	0	0	0	0	0	0	16	0	0	0	0	34	0	0	0	0	0	0	0	0	0	0	9	0	0
4698a8ceecc080bd9f1903877b8376bf	0	0	0	0	0	0	0	0	0	0	0	1	0	0	0	0	0	0	0	0	0	0	0	0	0	0	0	0	0	0	0	0	0	0	0	0	0	0	0	0	0	0
48d6f2748434d8e1c7f192497502cf04	0	0	0	0	0	0	0	0	0	0	0	0	7	0	0	0	0	0	0	0	0	0	0	0	0	0	0	0	0	0	0	0	0	0	0	0	0	0	0	0	0	0
4a5fd6a71c60ccfd3f622d92d710f0fa	1	0	1	0	0	0	0	0	0	0	1	0	0	0	0	0	1	0	0	0	0	0	5	0	0	0	0	1	0	0	0	0	0	1	0	0	1	1	1	1	0	2
4aa07736fec80d08956925f69a84193f	0	0	0	0	0	0	0	0	0	0	1	0	0	0	0	0	0	0	0	0	0	0	0	0	0	0	0	0	0	0	0	0	0	0	0	0	0	0	2	0	0	1
4b5b5f1482508c1d11fd8db3deabf675	1	13	1	0	0	0	0	0	1	0	4	0	3	1	0	0	0	0	0	0	0	0	0	0	0	0	0	0	3	0	0	0	0	1	0	0	0	0	2	13	5	0
4c546e24f53b4fe7d85ed3ca3cb6f32f	23115	4	5378	123	0	482	41	273	101	0	0	406	0	2	576	168	0	56	5	369	207	0	1167	1	839	278	0	3	0	1	0	1	187	0	0	0	1791	47	0	0	1	0
4c778b3581948480afc55d711a419cb0	0	1	1	0	13	0	0	1	0	0	0	0	0	0	0	0	0	0	0	0	0	0	0	1	0	0	5	0	0	0	0	0	0	0	0	0	0	0	4	0	0	0
4c7ec7a8ea483641bde23d25344da39b	0	0	0	0	1	0	0	0	1	0	0	0	48	0	0	0	0	0	0	0	0	0	0	0	0	0	2	0	0	0	0	0	0	0	0	1	0	0	0	1	0	0
4cf8ca2c88d96a3c75bff0a7b1d71593	776	0	0	0	0	0	0	0	0	0	0	0	131	0	0	0	0	0	0	0	0	0	0	0	0	0	0	0	0	0	0	0	0	0	0	0	0	0	0	0	0	0
4d3d66bc7695a9c7cf088772d0a8f19b	0	0	0	0	0	0	0	0	0	0	0	0	0	0	0	0	0	0	0	0	0	0	0	0	0	0	1	0	0	0	0	0	0	0	0	0	0	0	2	0	0	0
4d44de6a3a176bb46667c088efe43bf6	0	0	0	0	0	0	0	0	0	0	0	0	19	0	0	0	0	0	0	0	0	0	0	0	0	0	0	0	0	0	0	0	0	0	0	0	0	0	0	26	0	0
4d5a89e740c535fe4f5b1bd24add3e37	0	15	0	0	8	0	1	0	0	0	0	1	2212	0	56	0	0	0	0	0	0	0	0	0	0	0	41	10717	85	1	0	0	0	0	0	5353	0	0	0	28	1	0
4e0703caf232c4c0588472f41dd61b1b	0	0	0	0	0	0	0	0	0	0	0	0	0	0	0	0	0	0	0	0	0	0	0	0	0	0	0	0	0	0	0	0	0	0	0	2	0	0	0	0	0	0
4ff035d5b47ffde546e4e24ed6b365aa	192	0	0	15	66	0	74	139	43	11	0	0	0	0	13	5	0	0	0	0	26	1	0	0	0	7	492	0	0	0	0	8	0	4	0	0	0	7	48	0	565	0
50149f1d17962df09647d575f526f789	1	0	0	0	0	0	0	0	0	0	0	0	0	0	0	0	0	0	0	0	0	0	0	0	0	0	0	0	0	0	0	0	0	0	0	0	0	0	0	0	0	0
505045760698ead319d4ff535faefeab	7	2	2	0	0	0	0	2	0	0	0	0	0	1	0	0	0	0	0	0	0	0	0	3	0	0	14	3	1	0	2	0	0	1	0	0	0	0	1	3	0	289
551ed7af5ae9fdbd18a3ec7d04db8b94	0	0	0	0	0	0	0	0	0	0	0	0	5	0	0	0	0	0	0	0	0	0	0	0	0	0	0	0	0	0	0	0	0	0	0	1	0	0	0	0	0	0
556a8129572431ad0f63471d81f5c333	0	0	0	0	0	0	0	0	0	0	0	0	2	0	0	0	0	0	0	0	0	0	0	0	0	0	0	0	0	0	0	0	0	0	0	0	0	0	0	0	0	0
55acb2c5c3ef1c0a2c83e055d57d084c	0	0	1	0	0	0	0	0	0	1	0	0	0	0	0	0	1	0	0	0	0	0	1	33	48	0	0	0	85	0	0	5	0	0	0	0	3	0	163	259	0	0
56124d34d1d7a0d0e63dda8e4e52f730	0	0	1	0	0	0	0	0	0	0	0	2	0	0	1	0	0	0	0	0	1	0	0	0	0	0	0	0	0	1	0	1	2	0	0	0	1	0	0	0	0	0
5783d6b5b2943ec62e0f42d8c31acf7a	2	50	51	0	20	0	5	1	0	14	37	0	11	0	5	0	0	0	0	0	2	35	42	5	0	6	16	2	0	0	1	1	0	3	1	29	0	9	103	64	58	2
57a0eddffd51461e1909c9211f96f0f1	1	2	0	0	0	0	0	0	0	0	0	0	0	0	0	0	0	0	0	0	0	3	0	0	0	0	0	0	0	0	0	0	0	0	0	0	0	0	15	11	0	12
5935244a7a7c88ffe7c005ba2889af25	0	0	0	0	0	0	0	0	0	0	0	0	6	0	0	0	0	0	0	0	0	0	0	0	0	0	0	0	3	0	0	0	0	0	0	0	0	0	0	21	0	0
59401186c04d6686d6c1899f9ba53242	0	0	0	0	0	0	0	0	0	0	0	0	0	0	0	0	0	0	0	0	0	0	0	0	0	0	0	0	0	0	0	0	0	0	0	0	0	0	0	0	0	9
5acc903245d239b57c3e967ced6d635b	0	0	0	0	0	0	0	0	0	0	0	0	0	0	0	0	0	0	0	0	1	0	0	0	0	0	0	0	0	0	0	0	0	0	0	0	0	0	0	0	0	0
5c31b2ea5d859ec9d909e9cb6a35b912	0	0	0	0	0	0	0	0	0	0	0	0	0	0	0	0	0	0	1	0	0	0	0	0	0	0	0	0	0	0	0	1	0	0	0	0	0	0	0	0	0	0
5d3d4b26d52971e81a33fa01fd550ee9	0	0	0	0	0	0	0	0	0	0	0	1	0	0	0	0	0	0	28	0	5	0	0	0	0	0	0	0	0	0	0	0	0	0	0	0	0	0	0	0	0	0
5e449206e2d8559c19c946cdb48e26e3	0	0	484	2	0	34	6	9	0	33	0	30	0	0	65	3	0	0	37	6	11	0	50	0	0	32	0	0	0	37	0	48	9	46	44	0	80	57	0	0	0	0
5f4410fbe40474c8904bf77586ed21dc	1	0	0	0	0	0	0	0	0	0	0	0	0	0	0	0	0	0	0	0	0	0	0	0	0	0	0	0	0	0	0	0	0	0	0	0	0	0	0	0	0	0
5fd6cd94555392f800bccb5ba2eab3fe	4	0	0	0	0	0	0	0	0	0	0	0	0	0	0	0	0	0	0	0	0	0	0	0	0	0	0	0	0	0	0	0	0	0	0	0	0	0	0	0	0	0
61954a3ad2f9323dfc248b39207930a9	0	0	0	0	0	0	0	0	0	0	1	0	0	0	0	0	0	0	0	0	0	0	0	0	0	0	0	0	1	0	0	0	0	0	0	0	0	0	0	0	0	0
61ad0efd12e5df6b489dfb723c1015b9	2	0	0	0	0	0	0	0	0	0	0	0	0	0	0	0	0	0	0	0	0	0	0	0	0	0	0	0	0	0	0	0	0	0	0	0	0	0	0	0	0	0
628054a712fa1fa4e725f21388b1dc7d	0	0	0	0	0	0	0	0	0	0	0	0	0	0	0	0	0	0	0	0	0	0	0	2	0	0	0	26	0	0	0	0	0	0	0	0	0	0	0	2	0	0
62fd390fb436a4b3081d8b303233c20a	0	0	25	0	0	0	1	3	0	34	96	0	97	0	3	0	0	2	0	0	1	2365	14	40	2	6	1	18	0	0	1	0	14	7	0	11	0	0	19	2099	221	0
648771008eae710fde98d47cd8a951f6	0	0	2	0	0	0	0	0	0	0	1	0	0	0	1	0	0	0	0	0	0	0	2	0	0	0	0	0	0	0	0	0	0	4	0	0	2	0	0	0	0	0
64afe236588a2ada700cc1c7444bdc14	0	0	0	0	0	0	0	1	0	0	0	0	0	0	0	0	0	0	0	0	0	0	0	0	0	0	0	0	0	0	0	0	0	0	0	0	0	0	0	0	0	0
6558d21587085ee76dc834ef70269629	0	0	1	0	0	0	0	0	0	2	0	2	0	0	2	0	0	0	0	0	5	0	0	0	1	1	0	0	1	1	0	0	0	0	2	0	2	0	0	12	0	0
6618d764e65f6b3a080ce7da14652d68	1	1	0	0	0	0	0	0	0	0	1	0	0	0	0	0	0	0	0	0	0	0	0	0	0	0	0	0	2	0	0	0	0	0	0	0	0	0	1	8	0	0
6697c05d8b2b5361bba6b99050cd0179	0	1	0	0	0	0	0	0	0	0	0	0	0	0	0	0	0	0	0	0	0	26	0	0	0	0	0	0	0	0	0	0	0	0	0	0	0	0	7	4	0	14
6866b8d110b2b80b01b06fcdecb7c0c7	0	0	0	0	0	0	0	0	0	0	0	0	0	0	0	0	0	0	0	0	6	0	1	0	0	0	0	0	0	0	0	2	0	0	0	9	0	2	288	0	0	78
691f56ec60d3758cd26bf5da7df43c3d	31	56	1	1	3621	1	0	280	0	1	0	1	9	1	0	2	0	0	1	0	0	1	0	1	1	0	21040	6	0	0	0	1	0	0	2	6	0	0	7	0	51	0
692468544b4da2dcf57e2382eab28819	0	0	0	8	0	0	1	0	0	0	0	0	0	0	0	0	0	0	0	0	52	0	0	0	0	0	0	0	0	0	0	0	0	0	0	0	0	0	424	0	0	0
6aea863376d4eaef3fa32f1cc8944705	0	35228	0	1	1	4	38171	1950	0	0	0	1	1	0	6	4	8	24568	1	3003	1	1	0	4	2	4	0	6	1	0	8	2	3368	2	8	4	11	85773	0	4	2	0
6b5d7d9517bdc00395b271deabf6b236	0	1	0	14	0	12	1	3	0	844	0	163	1	279	1946	406	5	19	1	2	48	0	108	0	0	889	0	0	0	11	872	1	4	0	403	0	27	4	1357	1	0	0
6c6533beb2a0c754462e945caf9bcbeb	0	0	0	0	0	0	0	0	0	0	0	0	0	0	0	0	0	0	0	0	0	0	0	0	0	0	0	0	0	0	0	0	0	0	0	60	0	0	0	0	0	0
6c8a27b691a17999fed032e60e7e20b2	0	0	0	0	0	0	0	0	0	0	0	0	0	0	0	0	0	0	0	0	0	0	0	0	0	0	0	0	0	0	0	0	0	0	0	4	0	0	0	0	0	0
6d716c5427c69a07a9e6b0a3065e7205	0	8500	1657	464	47520	1	73	271	43	12	1	217	2	1	152	0	4	31	864	111	335	6	279	6916	5	431	24594	4	6281	0	1	311	267	1225	2	0	315	33	36720	3	7	60
6dafe83c944f190dddb5195f06963db6	0	0	2	0	0	0	0	1	0	0	0	0	0	0	0	0	0	0	0	0	0	0	0	0	0	0	0	0	0	0	0	0	1	0	0	0	0	0	0	0	0	0
712d654c32b01c48ea2ea4112fb8e8ba	0	0	0	0	0	0	0	0	0	0	0	0	0	0	0	0	0	0	0	0	0	1	0	0	0	0	0	0	0	0	0	0	0	0	0	0	0	0	0	0	0	0
72b165cafba798daa614a7bab0735795	0	0	0	0	0	0	0	0	0	0	0	0	0	0	0	0	0	0	0	0	0	0	0	0	1	0	0	0	0	0	0	0	0	0	0	0	0	0	0	1	0	0
73ab97c4b3d0ac8089a6c5e6246c42c8	0	0	0	0	0	0	0	0	0	0	0	0	0	0	0	0	0	0	0	0	0	0	0	0	0	1	0	0	0	0	0	0	0	0	0	0	0	0	0	0	0	0
73fb91e167b78bbc62554bf84e93096d	24	0	10	0	0	0	0	0	0	0	0	1	0	0	3	0	0	0	0	0	0	0	5	0	1	1	0	0	0	0	0	0	0	0	0	0	0	0	0	0	0	0
74a08c7ec46e36490621087932a4b1df	0	0	0	0	0	0	0	0	0	0	0	0	0	0	0	0	0	0	0	0	0	0	0	0	0	0	0	0	0	0	0	0	0	0	0	0	0	0	0	0	0	4
74ab168f6c987b11d8fccaeeda84ed28	0	0	0	0	0	0	0	0	0	0	0	0	0	0	0	0	0	0	0	0	0	0	0	0	0	0	0	9	0	0	0	0	0	0	0	0	0	0	1	0	0	0
7543a57c2d7e7c715944840e717cecd5	0	0	0	0	0	0	0	0	0	0	0	0	0	0	0	0	0	0	0	0	0	0	0	0	1	0	0	0	0	0	0	0	0	0	0	0	0	0	0	0	0	0
75e49d0faa2a1dbdb373bfdb4c98901b	1	0	2	1	0	19	0	0	0	12	0	4	0	5	76	8	1	0	0	1	7	0	1	0	0	34	0	0	0	2	11	0	1	3	8	0	1	0	14	0	0	0
761b7b44ca978c1cb75cb0f0e9a40257	2	0	32	59	1	111	0	2	0	40	0	52	122	2	99	54	1	39	0	39	267	0	60	313	220	5	0	0	79	85	3	4	8	46	75	0	75	0	0	733	2	0
78a7198a5398b50b3e126505bb3663c4	0	0	0	0	0	0	0	0	0	0	0	0	0	0	0	0	0	0	0	0	0	0	0	0	0	0	0	0	0	0	0	0	0	0	0	28	0	0	0	0	0	0
7962d243b44c8c8141ad766b94c8f362	0	0	0	0	0	0	0	0	0	0	0	0	0	0	2	0	0	0	0	0	0	2	0	146	2	0	0	0	2	0	0	0	423	0	0	0	0	0	137	17	3	0
7a20a1a88d1904930e1f87b93a49e237	2	225	9	5	0	0	3	1	196	17	477	12	276	19	8	1	11	0	1	9	1	0	7	651	50	3	0	0	538	2	16	7	1	2	3	0	12	2	169	3092	1260	0
7b2c1a4a286d1e8494d2160591217b87	0	0	1	0	0	0	0	0	0	0	0	0	0	0	0	0	0	0	0	0	0	0	0	0	0	0	0	0	0	0	0	0	0	0	0	0	0	0	0	0	0	0
7ba47ed4d1c9e7b4d22cbc5869e1b8ab	0	0	0	0	0	0	0	0	0	0	0	0	0	0	0	1	0	0	0	0	0	0	0	0	0	0	0	0	0	0	0	0	0	0	0	8673	0	0	16	0	0	21
7de1921d8eddf01107e9d68d3472bfdb	0	0	0	0	1	0	0	0	0	0	0	0	2	0	0	0	0	0	0	0	0	0	0	0	0	0	0	5	0	0	0	0	0	0	0	1	0	0	0	0	0	0
7f2f9053d672e619ea40a73527cc4546	12587	10816	8805	3069	2	4009	1455	650	4098	2162	12096	4607	42147	20793	19078	4825	4405	115	5467	2789	4548	9	7120	32	13589	6833	2	17	0	867	11504	4790	1647	16776	7893	10	10464	1187	3	16	55282	8
7f42b92304c2fdf6954891cc9fa0cf30	0	0	0	0	1	0	0	1	0	0	0	0	0	0	0	0	0	0	0	0	0	0	0	0	0	0	19	0	0	0	0	0	0	0	0	0	0	0	0	0	0	0
7f696e39a0f8863a374ebfcd947d2340	1686	9875	30	1	1	2	3	22	729	6	245	4	834	60	47	3	14	0	81	0	4	0	22	468	330	0	0	3	927	1	21	130	24	23	0	3	8	0	705	9284	1183	0
81fd1c36367ad9863116257767319634	0	0	0	0	0	0	0	0	0	0	0	0	230	6	0	0	1	0	1	0	0	0	0	0	0	0	0	0	0	0	23	0	0	0	0	0	0	0	0	0	0	0
824bba577a55732c46943bf7bfd160e4	0	0	0	0	0	0	0	0	0	0	0	0	0	0	0	0	0	0	0	0	0	0	0	0	0	0	0	0	0	0	0	0	0	0	0	0	0	0	0	0	0	1
82890eb6bd51a7fbf8070fce11302922	0	0	6	0	0	0	0	0	0	5	3	0	12	0	0	0	0	0	0	0	0	16	20	0	1	0	0	4	0	0	0	0	0	4	0	0	0	0	702	3	0	0
82e22e051185e77956e978b218e2bec6	1	0	0	0	0	0	2	3	3	0	0	0	0	0	0	0	0	0	0	0	0	1	0	2	1	0	3	0	0	0	0	0	0	0	0	0	0	0	1	0	0	5
836d435483c9812b120c2dbbacdf75c1	0	0	2589	41	0	389	1118	968	0	96	0	1173	1515	2	703	721	0	292	1662	72	438	0	306	2	0	2124	0	2	0	183	0	1961	566	593	3766	0	1349	1148	0	1	0	0
85a1e63ecaf79b533d8763608379fe3f	0	0	7	0	0	0	0	1	0	0	0	0	0	0	0	0	0	0	0	0	0	0	7	0	0	0	0	0	0	0	0	2	6	3	0	0	2	0	2	199	0	0
85d740a59de7df9b5a8916891177d1a0	0	0	0	0	0	0	0	17	0	0	0	0	0	0	0	7	0	4	3	0	0	0	0	0	0	0	0	0	0	0	0	1	10	1	0	0	0	0	0	0	0	0
862f7123aed8c5ef588ad7360dc73a98	0	0	0	0	0	0	0	0	0	0	0	0	0	0	0	0	0	0	0	0	0	0	0	0	0	0	0	0	0	0	0	0	0	0	0	2	0	0	0	0	0	0
8688da16e8d162cb65706962854106dc	0	0	0	0	1	0	0	0	0	0	0	0	0	0	0	0	0	0	0	0	0	0	0	0	0	0	1	0	0	0	0	0	0	0	0	0	0	0	0	0	0	0
87dc7989832e72127506049e5e560456	1	0	0	0	1	0	0	0	0	0	0	0	3	0	0	0	0	0	0	0	0	0	0	0	0	0	10	0	0	0	0	0	0	0	0	8	0	0	0	0	0	0
8837b8eae033dd53cdf8f1969667921f	0	0	0	0	0	0	0	0	0	0	0	0	0	0	0	0	0	0	0	0	0	0	0	0	0	0	0	0	0	0	0	0	0	0	0	0	0	0	2	0	0	0
886b6888a30949b445eee779d8a04a01	0	0	0	0	0	0	0	0	0	0	0	0	0	0	0	0	0	0	0	0	0	0	0	0	0	0	0	0	0	0	0	0	0	0	0	0	0	0	1	0	0	0
8aed623595e952ae790a735e5dac6d0f	0	0	0	0	0	0	0	0	0	0	0	0	0	0	0	0	0	0	0	0	0	0	0	0	0	0	0	1	0	0	0	0	0	1	0	0	0	0	1	0	0	0
8afdd52cfba285f16dc4f8d909b687cd	0	1	0	0	0	0	0	0	0	0	0	0	0	0	0	0	0	0	0	0	0	0	0	0	0	0	0	0	0	0	0	0	0	0	0	0	0	0	0	0	0	0
8b28f153e28eb396b8d04b1a108f458b	0	0	0	0	0	0	1	0	0	0	0	0	0	0	0	0	0	0	0	0	0	0	0	0	0	0	0	0	0	0	0	0	0	0	0	0	0	0	0	0	0	0
8be937d3d09dbf58c0e28039b4e812ec	0	0	0	0	0	0	0	0	0	0	0	0	0	0	0	0	0	0	0	0	0	0	0	0	0	0	2	0	0	0	0	0	0	0	0	0	0	0	0	0	0	0
8cc93a095178cdd35bc9a7ffeaf0a9c0	0	0	1	0	0	0	0	0	0	0	0	0	0	0	0	0	0	0	0	0	0	0	0	1	0	0	0	0	0	0	0	0	0	0	0	0	0	0	0	0	0	0
8da8def50394355232798c61358d9d81	0	0	0	0	0	0	0	0	0	0	0	0	5	0	0	0	0	0	0	0	0	0	0	0	0	0	0	0	0	0	0	0	0	0	0	4	0	0	0	0	0	0
8e20b56c8f2bfb13c1b83687c53e20b2	0	0	0	0	0	0	0	1	0	0	0	0	0	0	0	0	0	0	0	0	1	0	0	0	0	1	0	0	0	0	0	0	4	0	0	0	0	0	0	0	0	0
8e36846affd82ca0049fce0ee0d5abfb	0	2	0	0	0	0	0	0	0	0	0	0	0	0	0	0	0	0	0	0	0	0	0	1	0	0	0	0	0	0	0	0	2	0	0	0	0	0	0	0	0	10
901d8ed2db3df4a849784c0539dee341	0	0	0	0	0	0	0	0	0	0	0	0	0	0	0	0	0	0	0	0	0	0	0	0	0	0	0	0	0	0	0	0	0	0	0	0	0	0	0	0	3	0
90ac5152156a19ff1111a3b72feaccb9	0	0	0	12	0	0	0	38	0	0	0	0	0	0	0	0	0	1	0	0	44	1	0	0	0	0	0	0	0	0	0	0	1	0	0	0	0	0	0	0	0	0
90fe766416543b3abc7035af2e3e8920	0	0	0	0	0	0	0	0	0	0	0	0	0	0	0	0	0	0	0	0	0	2	0	0	0	0	0	0	0	0	0	0	0	0	0	0	0	0	0	0	0	0
91ccf38e4cb9444ef2c4b7023a8ed6f8	14	0	0	0	344	0	1	0	3	2	61	0	941	0	1	0	0	0	0	0	0	0	0	3	2	0	780	2	1	0	0	0	0	0	0	1	0	0	0	123	9	0
91f2746472a331580e4b014eda21acd8	1	4	15	0	6	0	0	2	0	9	0	4	2	0	10	0	0	2	0	0	0	2	9	0	0	38	126	159	1	0	1	0	0	2	0	4	0	2	586	0	0	35
92231be8abff8119f569d56bbd35dbe3	0	0	0	0	0	0	0	0	0	0	0	0	0	0	0	0	0	0	0	0	0	0	0	0	0	0	0	0	0	0	0	0	0	0	0	6	0	0	0	0	0	1
92b4a0f2f321b4b0bef7412afb426cc1	10	0	153	0	1	2	0	17	0	13	2	1	16	2	0	0	0	10	0	0	0	38	100	2	0	15	144	43	7	0	0	0	55	19	8	36	50	12	770	0	0	11
939cb49beeba52fcf2adde275cb8b9c0	0	0	0	0	0	0	0	0	0	0	0	0	0	0	0	0	0	0	0	0	0	0	0	0	0	0	0	0	0	0	0	0	0	0	0	0	0	0	0	0	0	1
969caa45f84960d6aeb4bd7e00b1d85c	0	0	0	0	0	0	0	0	0	0	0	0	0	0	0	0	0	0	0	0	0	0	0	2	0	0	0	0	0	0	0	0	1	0	0	0	0	0	0	0	0	0
976326c8a9cc9c1b57cc7babe30715f8	0	4	0	0	36	0	0	0	0	0	0	0	0	0	1	0	0	0	1	0	0	0	0	7	0	0	13	0	4	0	0	0	0	0	0	0	0	0	19	0	0	0
97f89ac664746c6df0831b4216693d68	0	0	0	0	0	0	0	0	0	0	0	0	0	0	0	0	0	0	0	0	0	0	0	0	0	0	0	0	0	0	0	0	0	0	0	0	0	0	4	0	0	0
9877682e82910f862b9f6a00a8451737	1	0	0	0	0	0	109	0	635	0	0	0	243	0	0	0	0	0	42	0	1	769	0	0	0	0	0	25446	0	0	0	39	0	0	0	0	1	3	766	0	478	0
9a84d9844cfe0b2bd966490ed527d63d	0	0	0	0	0	0	0	0	0	0	0	0	0	0	0	0	0	0	0	0	0	0	0	0	0	0	0	0	0	0	0	0	0	0	0	0	0	0	0	6	0	0
9a9a12e8fba56be7a2fa43e9e7d47f4c	587	580	1	3	1	1	40	0	201	1	1	11	593	66	3	0	16	0	0	2	8	18276	0	109	1	0	1	2288	122	1	2	2	19	4	0	4	1	0	12469	5615	139	47314
9b4bba5c017f12d300196bd9c55917e3	0	0	0	0	0	0	0	0	0	0	0	0	0	0	0	0	0	0	0	0	0	0	0	0	0	0	0	0	0	0	0	0	0	0	0	0	0	0	0	0	0	1
9cabb895acc6c0d0abfb1c025c05bcbf	0	1	0	0	0	0	0	0	0	0	0	0	0	0	0	0	0	0	0	0	0	0	0	0	0	0	0	0	0	0	0	0	0	0	0	0	0	0	6	1	0	16
9cbeb2643b880f3ad15a4bf0423b946b	0	1	0	0	0	0	0	0	0	0	0	0	0	0	0	0	0	0	0	0	0	0	0	0	0	0	0	0	0	0	0	0	0	0	0	0	0	0	0	0	0	0
9f608117cf8f1a9907ad9349af8b8ea0	5	0	6	1	0	0	4	5	6	0	0	0	0	1	0	0	0	0	0	0	0	4	0	34	6	1	7	0	0	0	1	0	0	0	0	0	0	1	14	20	17	13
9f819ed41ca3656d4bc9c2fc9e5d1c4f	38	14	113	0	0	10	0	58	0	4	38	2	32	10	3	6	7	4	0	0	2	0	202	0	2	18	0	242	20	3	26	1	47	38	25	10	58	12	40	2	21	121
a07b1387c945270bd71ea741affa7579	88	163	0	0	326	1	0	0	13	0	0	0	10234	0	19	0	0	0	1	3	0	1	0	0	0	0	916	0	1	0	0	0	0	0	0	1676	0	0	22	86	13	0
a09493fb6cedb9346b51959081339526	1	0	0	0	0	0	0	0	0	0	0	0	0	0	0	0	0	0	0	0	0	0	0	0	0	0	0	0	0	0	0	0	0	0	0	0	0	0	0	0	0	0
a25098460c8c486573b42ffb33dce0aa	0	0	0	0	1	0	0	0	0	0	0	0	1	0	0	0	0	0	0	0	0	0	0	0	0	0	1	0	0	0	0	0	0	0	0	0	0	0	0	0	0	0
a26edef6955445763c08030b12b8ec36	0	27	9956	186	2	3235	1820	2914	2	2497	0	1343	3259	6485	3172	1914	608	1572	3249	290	404	0	1257	3	4	3300	0	2	0	397	1962	1374	4783	4964	1990	0	2289	870	0	0	1	1
a60578c079a320513729d84e1b104d3c	8	0	0	0	0	0	0	0	0	0	0	0	0	0	0	0	0	0	0	0	0	0	0	0	0	0	0	0	0	0	0	0	0	0	0	0	0	0	0	0	0	0
a67a52d3604c06accbcbdc0f91805d98	20	0	0	0	0	0	0	0	0	0	0	0	6	0	0	0	0	0	0	0	0	1	0	0	0	0	0	0	0	0	0	0	0	0	0	0	0	0	0	0	0	0
a6f9741c4e247a5705020aa58dc70127	0	0	0	2	0	0	6	0	0	0	0	0	1	1	0	0	0	0	0	0	2	6	0	0	0	0	0	0	0	0	0	1	0	0	0	0	0	1	0	0	0	0
a83806580b762036d16df15435d07df5	0	0	0	0	0	0	0	0	0	0	0	0	0	0	0	0	0	0	0	0	0	0	0	0	0	0	0	0	0	0	0	0	0	1	0	0	0	0	0	0	0	0
a85740db9519fe58cd206d51bfce6b00	0	9	0	0	0	3	0	0	1	0	0	0	0	0	0	0	0	0	0	0	1	0	0	0	0	0	0	0	0	1	0	0	0	0	4	0	0	1	0	0	0	0
a9008321801a31cb6135c72876ef9cde	0	0	0	0	0	0	0	0	0	0	0	0	0	0	0	0	0	0	0	0	0	0	0	0	0	0	0	3	0	0	0	0	0	0	0	0	0	0	0	0	0	0
a97c0488fab4bf0af54c02bef27b05be	0	0	0	0	0	0	1	0	0	0	0	0	0	0	0	0	0	0	0	0	0	0	0	0	0	0	0	1	0	0	0	0	0	0	0	0	0	0	0	0	0	0
a9d23ac948b3f08073177fe120267279	0	0	0	0	0	0	0	0	0	0	0	0	1	0	0	0	0	0	0	0	0	0	0	0	0	0	0	0	0	0	0	0	0	0	0	0	0	0	0	0	0	0
aa4e5543b25ee17fd8c2f423dbe24466	0	0	0	0	0	0	0	0	0	0	0	0	0	0	0	0	0	0	0	0	0	0	0	0	0	0	17	0	0	0	0	0	0	0	1	0	0	0	0	0	0	0
aa7080c717f3ac34b8461c3bd4a795a3	0	0	0	0	0	0	4	0	0	0	0	0	0	0	0	0	0	0	0	0	0	0	0	0	0	0	0	0	0	0	0	0	0	0	0	0	0	0	0	0	0	0
aaedfc3b1e2fedc25cd36eb90130619e	0	0	0	0	0	0	0	0	0	0	0	0	0	0	0	0	0	0	0	0	0	0	0	0	0	0	0	0	0	0	0	0	0	0	0	0	0	0	1	0	0	7
ab48b28d837d70d510f6afbed8f6b9f6	0	0	0	0	0	0	0	0	0	0	0	0	0	0	0	0	0	0	0	0	0	0	0	0	0	0	0	0	0	0	0	0	0	0	0	0	0	0	0	1	0	0
ac903b9245d9dddc7d2969bdc41ddaa4	0	0	0	0	0	0	0	0	0	0	0	0	0	0	0	0	1	0	0	0	0	0	0	0	0	0	0	0	0	0	0	0	0	0	0	0	0	0	0	0	0	0
ae321d615d0820ce23fbb8417a40e5eb	0	0	0	0	0	0	0	0	0	0	0	0	0	0	0	0	0	0	0	0	0	0	0	0	0	0	0	0	0	0	0	0	0	0	0	0	0	0	0	2	0	0
aec77093256cc7dc8ac3069c9bb48eda	0	0	0	0	0	0	0	0	0	0	0	0	0	0	0	0	0	0	0	0	0	0	0	0	0	0	0	0	0	0	0	0	0	0	0	0	0	0	0	0	2	0
b1399ffb11384b5953eb211e5f82ea5e	0	0	0	0	0	0	0	0	0	0	0	0	12	0	0	0	0	0	0	0	0	0	0	0	0	0	0	0	0	0	0	0	0	0	0	1	0	0	0	0	0	0
b1d762fb928aee962c72b3f25404b155	0	0	0	0	0	0	0	0	0	0	0	0	0	0	0	0	0	0	0	0	0	0	0	0	0	0	0	0	0	0	2	9	0	0	0	0	0	0	0	0	0	0
b2c8b5b8ed339030aa2c1445d59c585e	0	0	1	0	0	0	0	0	0	0	0	0	0	0	0	0	0	0	0	0	0	0	1	0	0	0	0	0	0	0	0	0	0	0	0	0	0	0	0	0	0	0
b2fbe4feb681afed83daf10ec8eecfc5	0	59	6	0	0	0	0	0	0	2	0	0	0	4	2	0	1	0	1	1	1	0	0	4	0	1	0	0	0	0	0	0	0	2	0	0	1	1	12	9	34	0
b33a15b348e1c4f1412bae7863b188c8	0	0	0	0	0	0	0	0	0	0	0	0	0	0	1	0	0	0	0	0	0	0	0	0	0	0	0	0	0	0	0	0	0	0	0	0	0	0	0	0	0	0
b459346302631e31c4fbe8c26b6bf041	0	0	0	0	0	0	55	0	7	0	0	0	0	0	0	0	0	0	0	1	0	0	0	0	0	0	0	0	0	0	0	0	0	0	0	0	0	0	0	0	0	0
b513c3cf86e184b7b2f5852152c3ca50	0	27	0	0	0	71	952	20	0	629	0	1247	3007	76	760	0	16	2	90	59	0	0	0	0	1	128	0	0	0	18	164	11	10	2531	171	0	0	329	0	0	0	0
b734653e047f82d428c3bd8c94809fc2	0	0	19	0	0	0	0	0	0	12	0	0	0	13	7	5	6	0	0	0	1	0	5	0	0	3	0	0	0	0	2	1	0	3	0	0	2	0	0	0	0	0
b734b11c164c4634b1590b3b393488f4	0	0	0	0	0	0	0	0	0	0	0	0	0	0	0	0	0	0	0	0	0	0	0	0	0	0	0	0	0	0	0	0	0	0	0	1	0	0	1	2	0	0
b83e35b822dc1182fd8302daa1758954	0	0	0	97	0	0	7	269	35	0	0	213	0	0	363	0	18	151	296	40	119	0	0	0	177	200	2	0	0	0	1	259	584	94	0	0	0	5	0	0	0	0
b8f858ae9a5735050d558956614f9e25	0	0	0	0	0	0	0	0	0	0	0	0	0	0	0	0	0	0	2	0	0	0	0	0	0	0	0	0	0	0	0	1	0	0	0	0	0	0	0	0	0	0
b91a33af208438fbe6325ceb0b61bfe4	0	0	0	0	0	0	3	1	0	0	0	0	1	0	0	0	0	0	0	0	0	0	0	0	0	0	0	0	0	0	0	0	0	0	0	0	0	0	1	0	0	0
b9d1e6e437dbdde0847c87c20d16d0c1	0	0	0	0	0	0	0	0	0	0	0	0	1	0	0	0	0	0	0	0	0	0	0	0	0	0	0	0	0	0	0	0	0	0	0	0	0	0	0	0	0	0
ba1d2b0e7bfb861cbc2a446488327ce1	8574	244	0	0	0	0	0	0	0	0	0	0	0	0	0	0	0	0	0	0	0	0	0	0	0	0	0	0	0	0	0	0	0	0	0	1	0	0	0	0	0	1
bab0cac78efea9180cf338d8e79cc041	4	0	0	0	0	0	0	0	0	0	0	0	16	0	0	0	0	0	0	0	0	0	0	0	0	0	0	0	1	0	0	0	0	0	0	0	0	0	0	8	0	0
bafd85d4f0768e103989241ec7e67b8f	0	210	0	0	0	0	0	0	33	0	0	0	0	0	0	0	0	0	0	0	0	17	0	0	67	0	0	49	221	0	0	0	0	0	0	137	0	0	0	0	0	0
bf21f9f9482e4d449825423d7faa4843	6	1	0	0	6	0	0	0	0	0	0	0	26	0	0	0	0	0	0	0	0	0	0	0	0	0	26	0	0	0	0	0	0	0	0	2	0	0	0	0	0	0
bf2db85a2a065a3bc0379d704248565e	1	0	0	0	0	0	0	0	0	0	0	0	0	0	0	0	0	0	0	0	0	0	0	0	0	0	0	0	0	0	0	0	0	0	0	0	0	0	0	0	0	0
c15ec819f4725b4556aca4da1a56b821	0	0	0	0	0	0	0	0	0	0	0	0	3	0	0	0	0	0	0	0	0	0	0	0	0	0	0	132	0	0	0	0	0	0	0	0	0	0	0	2	0	0
c16b499cfca110f6e06a7c4823ab5194	0	0	0	1866	0	436	0	1	0	885	80	0	1	0	0	376	1	0	1496	10	1790	0	0	0	2	2	0	0	0	396	2	907	0	0	0	0	0	0	0	0	0	0
c2c949084c934a7c16f3db8a95f62e14	0	0	0	0	0	0	0	0	1	0	0	0	0	0	0	0	1	0	0	0	0	0	0	0	0	0	0	0	0	0	0	0	0	0	0	0	0	0	0	0	0	0
c30c91fe2457a31e5078b387b3653a5f	0	0	0	0	0	0	0	0	0	0	0	0	0	0	0	0	0	0	0	0	0	0	0	0	0	0	1	0	0	0	0	0	0	0	0	0	0	0	0	0	0	0
c35f84ec99e541de07efe7075942268e	0	1	0	0	0	0	0	0	0	0	0	0	0	0	0	0	0	0	0	0	0	6	0	0	0	0	0	0	0	0	0	0	0	0	0	0	0	0	5	1	0	21
c3c9bbe54a247d67560957d4800e6c02	0	0	0	0	0	0	0	0	0	0	3	0	0	0	0	0	0	0	0	0	0	0	0	0	1	0	1	1	0	0	0	0	0	0	0	0	0	0	0	0	0	0
c635dd09aed47658e8647d297faa1d9b	0	0	1	0	0	7	0	0	0	18	0	0	340	0	0	1	0	0	983	0	0	0	0	0	0	0	0	0	0	27	0	1103	0	0	198	0	0	1	0	0	0	0
c7d367b4aa6ff20f5d2f363436cfd962	0	0	0	0	2	0	0	0	0	0	0	0	0	0	3	0	0	0	0	0	0	0	0	0	0	0	2	0	0	0	0	0	0	0	0	0	0	0	0	0	0	0
c7eb4e7788f5e1aeb465f54bc72790f5	0	0	1	11	0	0	0	10	0	0	0	2	0	11	13	0	25	4	2	1	13	0	0	0	1	2	0	0	0	0	7	3	3	1	2	0	0	0	0	0	0	0
cb9226cb1f07efde25b5b1e1a1a8511d	0	1	0	0	0	0	1	0	0	0	0	0	0	1	0	0	0	0	0	0	0	0	2	0	0	0	1	21	0	0	0	0	0	0	0	0	0	0	11	0	0	3
cd1fec6f68c3adea3bc26c8be93a2f20	0	0	0	0	0	0	0	0	0	0	0	0	0	0	0	0	0	0	0	0	2	0	0	192	0	0	1	0	0	0	0	0	0	0	0	0	0	0	0	1	31	0
cdddcded9a2847330f88a240feef0ed7	0	0	0	0	0	0	0	0	0	0	166	0	0	0	0	0	0	0	0	0	0	0	0	0	0	0	0	0	0	0	0	0	0	0	0	0	0	0	0	0	563	0
cf61ecb82b4d6c8fa2b89c68e4d4382c	0	0	0	0	0	0	0	0	0	0	0	0	0	0	0	0	0	0	0	0	0	0	0	0	0	0	0	0	0	0	0	0	0	0	0	0	0	0	0	0	0	1
d0c62b2312dafb51eb556abfea626bb2	0	0	0	0	0	0	0	0	0	0	0	0	1	0	0	0	0	0	0	0	0	0	0	0	0	0	0	0	0	0	0	0	0	0	0	0	0	0	0	0	0	0
d0f8a753f02ac69267bd189dc634e071	1	10	0	0	2	0	0	0	0	0	0	0	7	0	0	0	0	0	0	0	0	1	0	44	2	0	0	1	3	0	0	0	6	0	0	1	0	0	0	8	6	0
d2a20c9fa0fe6548d9cc6d52b29dcaf1	170	0	0	0	371	0	0	0	0	0	0	2	0	1	0	0	2	0	0	0	9	0	0	747	0	0	2113	0	0	0	0	0	0	0	0	0	0	0	169	3423	1310	0
d2bb3b9da137e8fe10439ad3ad4332d7	0	0	0	0	0	0	0	0	0	0	0	0	6	0	0	0	0	0	0	0	0	0	0	0	0	0	0	0	0	0	0	0	0	0	0	0	0	0	0	0	0	0
d391f06b9468c1cf82cb93852fa7b3e6	9	0	0	0	0	0	0	0	0	0	0	0	0	0	0	0	0	0	0	0	0	0	0	0	0	0	0	0	0	0	0	0	0	0	0	0	0	0	0	0	0	0
d3dd94dcd70e53e5c59a06e73b20d531	3	0	0	0	0	0	0	0	0	0	0	0	0	0	0	0	0	0	0	0	0	0	0	0	0	0	0	0	0	0	0	0	0	0	0	191	0	0	0	0	22	0
d3f6372eb0463dde0a42979d80c023b4	0	2	0	0	0	0	0	4	0	0	0	0	10	0	14	0	0	0	0	0	0	0	0	0	0	0	4	23	0	0	0	0	0	0	0	0	0	0	0	5	0	0
d4a9557ceea38514ca14013966728689	0	0	0	0	0	0	0	0	0	0	0	0	0	0	0	0	0	0	0	0	0	0	0	1	0	0	0	41	0	0	0	0	0	0	0	0	0	0	0	0	0	0
d592fbfc2098d7a0163c7c03f102dbad	0	0	107	69	0	16	67	95	0	91	0	140	0	107	128	45	215	8	39	41	153	1	58	0	0	50	0	0	0	37	156	27	165	113	136	0	81	61	0	0	0	0
d5b22eedc0fe5e47a68b6e2fc7644222	0	0	0	0	0	0	0	0	0	0	0	0	0	0	0	0	0	0	0	0	0	0	0	0	0	0	1	0	0	0	0	0	0	0	0	0	0	0	0	0	0	0
d5fc3e7df25cc7a9e007eb6336421158	0	0	0	0	0	0	0	0	0	0	0	0	0	0	0	0	0	0	0	0	0	0	3	0	0	0	0	0	0	0	0	0	0	0	0	0	0	0	0	0	0	0
d9230a8f707c26134b4cc6589c359e14	0	0	0	0	0	0	0	0	0	0	0	0	0	0	0	0	0	0	0	0	0	0	0	0	0	0	0	0	0	0	0	0	0	0	0	0	0	0	0	0	0	1
d997cc2fc60626d70792396afde10197	4	0	0	0	0	0	0	0	0	0	0	0	0	0	0	0	0	0	0	0	0	0	0	0	0	0	0	0	0	0	0	0	0	0	0	0	0	0	0	0	0	0
da63af87ca34fb95531e9cc60f8dfa91	0	0	0	0	0	0	0	0	0	0	0	0	0	0	0	0	0	0	0	0	0	0	0	0	3	0	0	0	0	0	0	0	0	0	0	0	0	0	1	0	0	0
db5dc944be643cea343f1ddf7ac1df6a	0	0	0	0	0	0	0	0	0	0	0	0	0	0	0	0	0	0	0	0	0	1	0	0	0	0	0	0	0	0	0	0	0	0	0	0	0	0	2	0	0	1
dcc9edfe68111237c47ded827d93814e	0	0	1	0	0	0	0	0	0	0	0	0	0	0	0	0	0	0	0	0	1	0	0	0	0	0	0	0	0	0	0	0	0	0	0	0	0	0	0	0	0	0
e0df6df7404b87b6e23c84e47427dbba	0	0	0	0	0	0	0	0	0	0	0	0	3	0	0	0	0	0	0	0	0	0	0	0	0	0	0	0	0	0	0	0	0	0	0	0	0	0	0	0	0	0
e142dab751bd2c4fa424dfa95399cc6d	0	0	0	0	0	0	0	0	0	0	0	1	0	0	0	0	0	0	0	0	1	0	0	0	0	0	0	0	0	0	0	0	0	0	0	0	0	0	0	0	0	0
e18327b8c474063ed603dc700ea1eb81	0	0	0	0	0	0	0	0	0	0	0	0	1	0	0	0	0	0	0	0	0	0	0	0	0	0	0	9	0	0	0	0	0	0	0	3	0	0	0	0	0	0
e27624808bfee9cfc95d975957c68034	0	0	0	0	2	0	0	0	0	0	0	0	0	0	0	0	0	0	0	0	0	0	0	0	0	0	0	0	0	0	1	0	0	0	1	0	0	0	59	0	0	0
e40c5455bc21394879b947fa9ccca57d	0	2	133	0	0	0	0	0	0	0	0	10	0	0	1	0	0	0	1	0	0	0	0	0	1	0	0	0	0	0	0	0	0	0	0	0	0	0	0	0	0	0
e51fe414d7d7070a616921409b099f0b	0	0	0	0	0	0	0	0	0	0	0	0	0	0	0	0	0	0	0	0	0	0	0	0	0	0	0	0	0	0	0	0	0	0	0	0	0	0	0	1	0	0
e5c56b4fbf301b4dddc7eb82baa6c264	6	3989	3	1	0	1	1	25	3	5	0	3	16	6	4	1	0	6	3	0	0	0	0	0	2	0	0	0	0	0	3	1	9	1	1	3	2	0	0	0	5	0
e8623de59f6226e4df9b6f5138131440	0	1	0	0	0	0	0	0	0	0	0	0	0	267	0	0	177	0	536	54	0	0	1	0	0	0	0	1	0	0	355	561	0	0	0	0	0	0	0	0	0	0
e9bcaff73de9b81edfad72e005e70572	0	0	0	0	0	0	0	0	0	0	0	0	0	0	0	0	0	0	0	0	0	0	0	0	0	0	0	0	0	0	0	0	0	0	0	0	0	0	0	3	0	0
ec2aa27e7a05a9c1c4244d46858dc545	0	0	0	0	0	0	0	0	0	0	0	0	0	0	0	0	0	0	0	0	0	0	0	0	0	0	0	0	0	0	0	0	0	0	0	1	0	0	0	0	0	0
ed3304c316698fc1fd1191f01fec7b8a	0	0	0	0	0	0	1	0	0	0	0	0	0	0	0	0	0	0	1879	0	0	0	0	0	0	0	0	0	0	0	0	1049	1	0	0	0	0	0	0	0	0	0
edbad93ab90ed18d22178acaf98e6a3c	112	0	28	24	0	7	1	0	9	22	37	1	1	42	3	3	33	0	7	3	15	0	5	179	153	2	0	0	191	1	24	9	1	4	5	0	13	0	14	431	0	0
edbc42c9e349fec50b74dbac924267ee	2	1	1829	72	4	1	79	71	88	167	1	74	0	4	350	249	14	43	289	44	231	1	475	1	84	153	4	0	1	0	10	743	112	161	1	0	237	16	3	0	0	4
eddbbb0bb989cbb70f1cd88c6ed3ccb8	23	18397	44	508	2	2555	337	219	3034	798	16	8	201	2351	24	929	644	49	55	157	870	0	36	10	41	25	0	14	0	573	1569	48	130	5175	4822	1	37	322	2	10	253	0
ef4a094509712fd0cfc55ad01549d076	0	0	0	0	0	0	0	0	0	0	0	0	0	0	0	0	1	0	0	0	0	0	0	0	0	0	0	0	0	0	0	0	0	0	0	0	0	0	0	0	0	0
f48f152f219093a8dec420d2ad3b08d2	0	0	0	0	0	0	0	0	0	0	0	0	0	0	0	0	0	0	0	0	0	10	0	0	0	0	0	1	0	0	0	0	0	0	0	0	0	0	5	5	0	11
f60587c79550b208af9acad5bb883f7b	0	0	0	0	0	0	168	0	237	0	0	0	0	0	0	1	0	0	0	13	0	0	0	1243	1	0	0	0	39	1	1	1	0	1	1	0	0	63	0	0	0	0
f68500c8fd8d50012548aab4d5c79d87	0	0	0	0	0	0	0	0	0	0	0	0	0	0	0	0	0	0	0	0	0	0	0	0	0	0	0	0	0	0	0	0	0	0	0	1	0	0	0	0	0	0
f7806cfc1c9e7e626576a9ec76c79264	0	0	1	0	0	0	0	0	0	0	0	1	0	0	0	0	0	0	0	0	0	0	0	0	0	0	0	0	0	0	0	0	0	0	0	0	0	0	0	0	0	0
f80f1f9abfb1fed26379082bb77fc2b7	0	1473	800	40	0	0	1	11	0	0	0	14	0	331	6	0	339	28	327	8	241	0	303	11	364	23	0	0	0	0	239	232	106	0	0	0	492	0	4141	0	0	0
f81852fda517e5fc5a2db6f415828fda	0	0	0	0	0	0	0	19	0	0	0	0	0	0	0	1	0	0	0	0	0	0	0	0	0	0	0	0	0	0	0	0	0	0	0	0	0	0	0	0	0	0
f993f18806a13e122d52f08f6a5c2a01	0	0	0	0	0	0	0	0	0	0	0	0	0	0	0	0	0	0	0	0	0	0	0	1	0	0	0	4	0	0	0	0	0	0	0	0	0	0	0	0	0	0
f9acdcbc34028b15197d160e9ee60daf	0	0	0	0	0	2	207	0	0	1	0	1	2	0	0	0	0	2	8	14	0	0	0	0	0	1	0	0	0	0	0	0	0	0	5	0	4	233	0	0	0	0
f9b6d65d11381bdd4aa60095d123917e	0	15	0	0	0	0	11	1	0	0	0	0	0	0	0	0	0	10	0	0	0	0	0	0	0	0	0	0	0	0	0	0	2	0	0	0	0	26	0	0	0	0
fa69e919104591378c2b931bbe1d94cd	0	0	543	29	0	0	1	435	1	104	0	45	0	0	18	32	0	180	0	45	100	0	0	0	0	106	0	0	0	42	0	0	270	0	427	0	302	7	1695	0	0	0
fd2dd865186de98658bdec2afc6464ae	0	0	0	0	0	0	0	0	0	0	0	0	8	0	0	0	0	0	0	0	0	0	0	0	0	0	0	0	0	0	0	0	0	0	0	0	0	0	0	1	0	0
fee300e0f479f9419ed2ba57cf3ca555	3	0	2	0	3	0	1	10	2	1	0	0	8	2	1	0	5	0	1	0	1	14	0	188	1	1	87	0	0	0	1	3	0	2	0	0	1	1	15	106	138	15
