#OTU ID	SRR14065308	SRR14065340	SRR14065341	SRR14065392	SRR14065395	SRR14065400	SRR14065406	SRR14065408	SRR14065413	SRR14065418	SRR14065429	SRR14065444	SRR14065495	SRR14065520	SRR14065527	SRR14065559	SRR14065561	SRR14065565	SRR14065566	SRR14065606	SRR14065629	SRR14065676	SRR14065680	SRR14065689	SRR14065714	SRR14065724	SRR14065760	SRR14065764	SRR14065780	SRR14065800	SRR14065801	SRR14065802	SRR14065805	SRR14065812	SRR14065820	SRR14065848	SRR14065866	SRR14065871	SRR14065884	SRR14065898	SRR14065911	SRR14065914
0071ef14fbfad85046d411896a863c01	0	1	266	0	0	44	44	0	0	77	0	36	0	114	102	43	43	0	0	79	0	0	25	1	0	111	3	0	1	32	38	0	0	48	124	0	93	105	10	0	0	0
00786f1fa47b70714a3bbc235cb4bb34	0	0	0	0	0	0	0	0	0	0	0	0	0	0	0	0	0	0	0	0	0	0	0	0	0	0	0	1	0	0	0	0	0	0	0	0	0	0	0	0	0	0
00b74d2891ff90170e02cf9e8d470931	0	0	0	0	0	0	0	0	0	0	0	0	1	0	0	0	0	0	0	0	0	0	0	1	0	0	0	1	0	6	0	0	0	0	0	0	0	0	0	0	0	0
01902389aca39c047eb2e1d703a8beb1	0	0	0	0	0	0	0	0	0	0	0	0	0	0	0	0	0	0	0	0	0	0	0	0	0	0	0	2	0	0	0	0	0	0	0	0	0	0	0	1	0	0
01bead049527e2fdead7442e4cbccfc3	0	0	0	0	0	0	0	0	0	0	0	0	0	0	0	0	0	0	0	0	0	0	0	0	0	0	0	2	0	0	0	0	0	0	0	0	0	0	0	0	0	0
01c7f788503e9b69650798fc4e09a752	0	0	0	0	0	0	0	0	0	0	0	0	0	0	0	0	0	0	0	0	0	0	0	0	0	0	0	0	0	0	0	0	0	0	0	0	0	0	0	0	0	4
02a034c2326f880c59737bb7fc861d6a	1	0	0	0	0	0	0	3	0	0	0	0	0	0	0	0	0	0	0	0	0	0	0	0	0	0	0	0	0	0	0	0	0	0	0	1	0	0	0	0	0	2
0310d4e31293d4f2724e84da75794775	0	0	0	0	0	0	0	0	0	0	0	0	0	0	0	0	0	0	0	0	0	0	0	0	0	0	0	0	0	0	0	0	0	0	0	1	0	0	0	0	0	0
03180130325e3a2120a8effe3365c2b1	0	138	486	0	0	3	22	3	0	75	34	41	98	2	168	2	4	0	44	22	5	0	3	4	0	8	0	0	0	0	1	99	10	2	0	1	30	45	233	10	0	0
044c3219916fc09b0f2b58bed0c5c8c1	0	0	0	0	0	0	0	0	0	0	0	0	0	0	0	0	0	0	0	0	0	0	0	1	0	0	0	0	1	0	0	0	0	0	0	0	0	0	0	2	0	0
0491d60f93cf793d9de07ae6ae7764a1	0	0	0	0	0	0	0	0	0	0	0	0	0	0	0	0	0	0	0	0	0	0	0	0	0	0	0	0	0	0	0	0	0	0	0	11	0	0	0	0	2	0
04aebadda2a53017d63d227303457a6d	3	0	0	0	0	0	0	0	0	0	0	0	0	0	0	0	0	0	0	0	0	1	0	0	0	0	0	0	0	0	0	0	0	0	0	0	0	0	0	1	0	1
05e05e7af62fc92a0675a51043437c23	0	4	37	0	0	1	2	0	0	52	2	118	2	0	116	26	0	2	49	14	17	0	3	0	0	90	0	0	0	0	0	51	2	0	0	0	0	47	19	1	0	0
0617473f33fd3ab42aea04e0e9e7340d	0	25	0	0	0	0	2	28	0	0	0	0	285	0	0	0	0	0	0	0	0	0	0	0	0	0	0	0	0	0	0	0	0	0	0	0	0	0	0	0	0	0
078f29da0ba066ab75728f10dc1b44ae	13318	1543	0	0	10217	0	1	0	7	0	1	0	735	0	0	0	0	0	0	0	12	269	0	2	0	0	0	0	2	1	0	0	0	0	1	70940	0	0	405	545	13	5586
08af75dd89398bd6c309b28e3804ec2e	0	4318	0	0	0	0	843	189	0	0	0	0	0	0	0	1	1	67	0	324	0	0	0	1	0	1	0	0	0	1	0	0	299	0	0	0	0	2312	0	1	1	0
09e757a82b16f3a776ee7160be2e6f7f	302	560	1391	432	3	434	28	74	168	380	3591	181	81	2967	1917	748	303	10	1049	306	669	2	1083	5	1063	772	0	1	0	123	1837	830	95	826	1133	1	1494	30	0	7	5774	0
0a34c46263f865dcca8ac971a3d67f7e	0	0	0	0	0	0	0	0	0	0	0	0	2	0	0	0	0	0	0	0	0	0	0	0	0	0	0	0	0	0	0	0	0	0	0	0	0	0	0	0	0	0
0b4d1957b63754cb79bf91bff43a973d	0	0	0	0	0	0	0	0	0	0	0	0	0	0	0	0	0	0	0	0	0	0	0	0	0	0	0	0	0	0	0	0	0	0	0	0	0	0	0	0	0	2
0b86245e284854643c6bdfb6375e2c4a	0	5	5	0	0	0	0	0	0	3	1	3	2	0	6	0	0	0	3	0	1	0	0	0	0	0	0	0	0	0	0	7	0	0	0	0	0	0	7	1	0	0
0bb4770ceb36b4350c3e7080c2d42d2d	0	3	3	0	0	0	3	7	0	0	4	0	0	0	0	0	1	0	0	0	0	1	3	1	0	0	0	7	1	0	1	0	0	0	1	0	3	0	6	5	0	0
0bccffceae38132dc1c04799b491958b	0	0	0	0	0	0	0	0	0	0	0	0	0	0	0	0	0	0	0	0	0	0	0	0	0	0	0	0	0	0	0	0	0	0	0	19	0	0	0	0	0	0
0c53945d1b1e48f9030d2cf4c0f1dec4	0	0	0	0	0	0	0	0	0	0	0	0	0	0	0	0	0	0	0	0	0	0	0	0	0	0	0	0	0	0	0	0	0	0	0	1	0	0	0	0	0	0
0db132019fc2e14c6158ea3dc56ef761	119	3	100	91	1	341	19	180	239	919	27	38	2	917	401	3	399	130	2902	260	423	0	126	1	52	167	1	1	0	56	662	2655	539	75	601	20904	147	11	52	3	14	3
0db80763d08eb95f6bc0a040a8ebeae0	0	0	0	0	0	0	0	0	0	0	0	0	1	0	0	0	0	0	0	0	0	0	0	0	0	0	0	2	0	0	0	0	0	0	0	1	0	0	0	0	0	0
0e93d24a367e66b5ae764a069374abbf	7	4	8	0	8	2	23	7	10	2	1	0	25	3	0	1	0	0	0	1	1	66	3	25	1	4	52	86	1	0	13	0	6	2	9	19	4	1	8	171	3	295
0eb783e53ae300b07a9631565db8b196	6	14	0	1	0	0	0	0	0	1	2	0	7	8	7	0	0	0	2	0	1	0	1	0	4	0	0	0	0	0	4	0	2	10	6	0	3	1	0	0	4	0
0ed17b02eef449aa6e4e581a79d0932c	0	0	0	0	0	0	0	0	0	0	0	0	1	0	0	0	0	0	0	0	0	0	0	0	0	1	0	0	0	0	0	0	0	0	0	0	0	0	0	0	0	0
0f20b73884419c9a49fc5623be77c09d	0	0	0	0	0	0	0	0	0	0	0	0	2	0	0	0	0	0	0	0	0	3	0	0	0	0	0	1	0	0	0	0	0	0	0	0	0	0	0	0	0	20
0fc0d02136637ce93e4180f112f56955	183	65	4	0	11	0	0	0	1	2	0	8	812	0	3	0	0	0	0	0	0	7	0	1553	38	0	0	0	88	0	0	0	2	1	1	0	0	0	26	3010	159	113
10a2fa2b4a929051283ce9462a81f446	380	461	204	0	725	2	59	3	0	152	268	0	180	1	32	1	0	1	0	1	7	8550	319	16	15	37	3236	45	10	0	9	0	3	14	17	4438	1	38	8270	1446	943	850
10a39234c451fc31fbdab4856a699258	1	2	3057	863	0	242	2274	305	2	529	1	674	0	2000	205	444	494	21	267	207	1883	2	2145	0	3	528	1	0	0	262	1180	387	341	788	1275	0	1207	3485	0	2	0	0
111df4331c47f9bbdadbd0abc74a9e47	221	11	4222	673	2	3496	81	282	113	5026	36863	214	1	3159	1845	2775	1108	153	6977	381	1448	2	1976	368	488	792	1	9	894	565	1830	5487	510	480	3784	114	663	24	402	6	11020	1
1231f49abb19bbcbbad767795a2709db	210	17	275	41	1	10	140	562	34	33	715	72	460	152	11	182	298	30	79	24	475	101	2918	34	5	34	182	498	11	21	459	12	228	271	157	152	214	52	231	159	25	666
155a0e52e17a1bd8e097e2cc9142906f	0	0	0	0	0	0	0	0	0	0	0	0	0	0	0	0	0	0	0	0	0	0	0	0	0	0	0	0	0	0	0	0	0	0	0	30	0	0	0	0	0	0
16fe3ae06eb1f31c97a341a643e61ada	0	18	0	0	0	0	0	0	0	0	0	0	0	0	0	0	0	0	0	0	0	0	0	0	0	0	0	0	0	0	0	0	0	0	0	0	0	0	0	13	0	0
1760812f89ade27da503a7d33f903f11	0	0	0	0	0	0	0	0	0	0	0	0	0	0	0	0	0	0	0	0	0	0	0	2	0	0	0	0	0	0	0	0	0	0	0	0	0	0	0	1	0	0
17e994face6cbb8df85e9620f2422117	0	0	1	84	0	1	72	0	0	15	0	6	928	560	15	0	843	0	206	17	203	2421	0	0	0	2	0	0	0	0	141	100	2	37	1	0	0	88	0	0	0	0
199c401832167143dcaba91ccd7fddb7	0	0	0	0	0	1	0	4	0	0	0	0	0	0	0	0	0	0	0	2	0	9	2	0	0	0	0	3	0	0	0	0	4	6	0	2	0	0	0	0	0	0
1a933f9e6a0d9df2badc1d5177f510b2	0	0	0	0	0	1	0	30	0	0	0	0	0	0	0	0	0	0	0	0	0	0	0	0	0	0	0	0	0	0	0	0	0	0	0	0	0	0	0	0	0	0
1ad4ba20218ced7bd629e308f7d7eaaf	0	0	0	0	0	0	0	0	0	0	0	0	0	3	0	0	3	0	0	0	0	0	0	0	0	0	0	0	0	0	17	0	0	0	0	0	0	0	0	0	0	0
1c4ffa0febb33f543b28b39e35684604	0	0	0	0	0	0	0	0	0	0	0	0	0	0	0	0	0	0	0	0	0	0	0	0	0	0	0	0	0	0	0	0	0	0	0	0	0	1	0	0	0	0
1d2f7c7c687fa06a78ff2616e0ed6e94	7	1	0	0	0	0	0	0	0	0	0	0	0	0	0	0	0	0	0	0	0	0	0	0	0	0	0	0	0	0	0	0	0	0	0	0	0	0	0	0	0	0
1dbfb5da3c9bef58179011201accdb56	0	0	0	0	0	0	0	0	0	0	0	0	0	0	0	0	0	0	0	0	0	0	0	0	0	0	0	0	0	0	0	0	0	0	0	1243	0	0	0	0	0	0
1ec9cceb6ac876895818ae435b48cf30	0	0	0	0	0	0	0	0	0	0	1	0	0	0	0	0	0	0	0	0	0	0	0	0	0	0	0	0	0	0	0	0	0	0	0	0	0	0	1	0	0	0
212db3fb7f4479fb86c3e7bde12a52da	0	0	0	0	0	0	0	0	0	0	0	0	0	0	0	0	0	0	0	0	0	2	0	0	0	0	0	0	0	0	0	0	0	0	0	0	0	0	0	1	0	5
23254d5b088a633a8474eb164ad2d810	0	0	0	0	0	0	0	0	0	0	0	0	0	0	0	0	0	0	0	0	0	0	0	0	0	0	0	0	0	0	1	0	0	0	0	0	0	0	1	0	0	3
23a8b2d0e62d121304f7812b25e27a26	0	238	223	0	1	0	8	0	55	36	46	2	0	0	6	3	0	0	5	7	0	1	3	225	0	4	0	38	1	0	0	7	1	2	1	1	0	13	67	358	31	0
24ee5c0278b1f8ee5823a122b87c179b	0	0	0	0	0	0	0	0	0	0	0	0	0	0	0	0	0	0	0	0	0	0	0	0	0	0	0	0	0	1	0	0	0	0	0	0	0	0	0	0	0	0
25503731b0d1a72bca5363a12fec6694	0	0	0	0	0	0	1	0	0	0	0	0	0	0	0	0	0	0	0	0	0	0	0	0	0	0	0	0	0	0	0	0	0	0	0	0	0	0	0	0	0	0
27aaf136de3b6eb5e296b0df1c105262	43	718	1929	154	1100	136	25	287	42	333	0	104	1	823	468	132	127	8	179	102	145	48	676	824	189	360	639	0	184	44	515	146	168	298	209	1	755	24	651	0	0	361
27bf571b06d18cdc437cf2a58bcd0d92	3	11	0	0	1	0	1	2	0	0	0	0	0	0	2	0	0	0	0	0	0	0	0	6	4	1	2	0	0	0	0	0	0	0	0	0	0	0	0	72	15	0
29d229105ffad984efb45ec0e6b3a667	13	1	646	545	0	3893	27	196	11	0	0	809	1	2370	1284	1	5159	235	1595	337	619	0	138	1	480	2226	1	0	0	1185	2219	1189	763	174	2429	0	113	8	1	1	0	1
2c79cc21c4efe8acae8383b180452146	0	0	2	0	0	0	0	0	0	0	0	0	0	0	0	0	0	0	0	0	0	0	0	0	0	0	0	0	0	0	0	0	0	0	0	0	0	0	0	0	0	0
2ec25b950f335aa8bb5cb9e728fbdd5a	12	71	93	15	0	776	7	25	1	112	0	84	2	180	111	163	6	156	8	15	163	0	4	0	0	314	0	0	0	7	207	0	45	90	125	0	0	1	26	0	0	0
2edba71360528e049e7d5b6f85427931	0	1	0	1	0	0	0	0	0	0	0	0	0	2	0	0	3	0	1	0	3	0	1	2	1	0	3	6	1	0	1	0	3	1	0	1	0	0	4	9	2	18
2edbbfccee2078f0751e216bbf3974f3	0	0	0	0	0	0	0	1	0	0	0	0	0	0	0	0	0	2	0	0	0	0	0	0	0	0	0	0	0	0	0	0	0	0	0	0	0	0	0	0	0	0
2f17f10bd2323a22b5785a85331534ac	1125	3	9307	125	2	405	152	783	2189	5538	2	448	1	8026	2536	1358	894	150	589	498	678	409	6452	3	3920	1021	6	3	0	0	2912	571	1009	2720	5	1	7167	126	1	13	4	3
305e88c9b72912871f4e45fb3124e265	15	0	0	0	0	0	0	0	0	0	0	0	0	0	0	0	0	0	0	0	0	0	0	0	0	0	0	0	0	0	0	0	0	0	0	0	0	0	0	0	0	0
30a4882804d602c427c66251f73f186b	0	0	0	0	0	0	0	0	0	0	0	0	3	0	0	0	0	0	0	0	0	0	0	0	0	0	0	0	0	0	2	0	0	0	0	0	0	0	0	0	0	0
30a5d9ff99fe1c60ac9aa0f4be195b4a	220	263	0	0	146	0	7	73	53	50	11	0	2306	0	86	0	0	4	0	0	0	1	0	2	0	0	506	402	44	0	0	0	2	11	0	2	0	0	2	471	19	0
30b16b4c5715a5e5b5c26e7f1c51f440	0	1	0	0	0	0	1	0	0	0	0	0	0	0	0	0	0	0	0	0	0	0	3	0	0	0	0	0	0	0	0	0	0	0	0	0	0	0	0	0	0	0
31121358830efcfe29d94a6484c0f27f	0	0	0	0	0	0	0	0	0	0	0	0	0	0	0	0	0	0	0	0	0	0	0	0	0	0	0	0	0	0	0	0	0	0	0	0	0	0	0	1	0	0
32174b1f8d41dd5cdf8ed6b663a5a99e	0	0	0	0	0	57	9	773	0	178	0	310	0	0	0	0	0	386	0	100	0	0	0	0	0	95	0	0	0	0	0	0	687	0	0	0	0	6	0	0	0	0
32f470d97ae19e2eedf563b3c4c5628b	0	0	0	0	0	0	0	0	21	0	0	0	0	1	0	0	1	0	0	0	0	0	0	74	0	0	0	0	36	0	0	33	0	0	0	0	0	0	0	0	0	0
345a9aca91c4dcac84fe09e87a709c26	0	0	5	0	0	0	0	1	0	1	0	1	0	0	0	0	1	0	1	0	1	0	0	0	0	11	0	0	0	1	2	0	1	3	7	0	1	0	7	0	0	0
34f8f6837d20cf484c908419af777aa8	0	0	0	0	0	0	0	0	0	0	0	0	0	0	0	0	0	0	0	0	0	0	0	0	0	0	0	0	0	0	0	0	0	0	0	0	0	0	0	0	0	1
3584a6c23dac9dba5f5c4672d6cda32d	0	0	0	0	0	0	0	0	0	0	0	0	1	0	0	0	0	0	0	0	0	0	0	0	0	0	1	9	0	0	0	0	0	0	0	2	0	0	0	0	0	0
368a29b13f46b53f77b868059f420a6b	0	0	0	0	0	4	1	0	0	0	0	1	0	2	0	0	2	0	2	0	0	0	0	0	1	3	0	0	0	1	0	0	1	0	0	0	0	0	0	0	0	0
37aff6547ae9b77cf17c72e5071b861d	0	0	0	0	0	0	0	0	0	0	0	0	0	0	0	0	0	0	0	0	0	0	0	0	0	0	0	0	0	0	0	0	0	0	0	0	0	0	0	1	0	0
38025f9fc7ef9f3db4ac93a3fc3c5b23	0	653	1490	1	0	8	52	47	4	221	18	100	11	62	301	31	140	4	179	75	71	0	16	180	88	263	0	3	2	0	45	167	18	34	3	1	31	125	736	1280	299	0
3a5bac35c3e791bc8fa5b0b581e32306	0	0	0	0	7	0	0	0	0	0	0	0	0	0	0	0	0	0	0	0	0	0	0	0	0	0	0	0	0	0	0	0	0	0	0	0	0	0	0	0	0	0
3b51ddfe93898d995143d01c71b4b7d6	0	0	0	0	0	0	0	0	0	0	0	0	0	0	0	0	0	0	0	0	0	0	0	0	0	0	0	0	0	0	0	0	0	0	0	1	0	0	0	0	0	0
3bf30ec8de1124e0e20787d09bd36b80	0	0	125	0	0	0	0	0	0	1	0	0	18	0	0	0	0	0	0	0	2	0	3	0	0	0	0	0	0	0	0	0	0	9	0	0	0	0	17	116	0	6
3c71768146b77cdd0cf96413e4025fc0	130	142	518	31	7	225	13	91	218	409	54	11	0	542	191	82	77	7	225	123	68	1	723	7	712	67	2	1	9	42	369	176	86	179	251	0	883	7	2	2	14	33
3d6d8cd2c33789b44a8e9e83bd48bd79	194	15	0	0	0	0	0	0	0	0	0	0	0	0	0	0	0	0	0	0	0	0	0	0	0	0	1	0	0	0	0	0	0	0	0	0	0	0	0	0	0	0
3db33009d767007cd47c31bfae2f4438	1	8	87	30	0	3	17	6	0	26	17	123	1	1173	13	7	1011	4	8	62	56	0	45	0	0	163	0	3	0	16	1170	70	12	312	43	0	14	19	21	2	0	0
3de4c0b039a545de6a586eaf535e598d	0	0	0	0	0	0	0	0	0	0	0	0	0	0	0	0	0	0	0	0	0	0	0	0	0	0	0	0	0	0	0	0	0	0	0	0	0	0	0	0	0	1
3e26e840920a2c5f6b517fa66f07a64a	0	0	0	0	0	0	0	0	0	0	0	0	0	0	0	0	0	0	0	0	0	0	0	0	0	0	0	0	0	0	0	0	0	0	0	0	0	0	12	0	0	0
3e7a4a63de3a33ab7a363f1175abcaa8	1529	883	151	43	290	4	655	672	1065	67	0	38	169	115	66	24	193	0	63	22	98	901	103	7374	1765	104	3548	0	4	11	40	128	13	101	1	0	43	120	2876	8636	6014	4178
3f4ade8624e3f2942f14ba0485e9e099	51	0	31	0	0	0	0	1	0	0	0	2	0	0	4	0	0	1	1	1	0	0	4	0	2	0	0	0	0	0	0	2	0	0	0	0	1	0	0	0	0	0
4046088f13211281dde179dd8ae012a9	0	110	0	0	0	0	0	0	0	0	2	0	7	6	0	0	11	0	0	0	0	0	0	3	1	0	0	0	10	0	6	0	0	1	0	0	0	0	6	22	12	0
40bbc5e135cace2aef5e588a89d2b0d9	0	0	0	0	1	0	0	0	0	0	0	0	0	0	0	0	0	0	0	0	0	0	0	0	0	0	0	0	0	0	0	0	0	0	0	0	0	0	0	0	0	0
412f96a49822402e0ab34cb182db5bfc	0	0	0	0	0	0	0	0	0	0	0	0	9	0	0	0	0	0	0	0	0	0	0	0	0	0	0	0	0	0	0	0	0	0	0	0	0	0	0	0	0	0
41b71050939230ffe5a562bd2a46ce4c	0	0	4	0	0	0	1	0	0	1	0	0	0	0	0	1	0	0	6	0	1	0	1	0	0	4	0	0	0	0	0	6	0	0	6	0	1	2	0	0	0	0
4251942c1ce6355efed7952509014caa	0	0	1	0	0	0	0	6	0	0	4	0	0	0	0	0	1	5	0	1	0	0	0	0	0	6	0	0	0	0	4	2	5	7	0	0	0	0	0	0	0	0
438f3114593dc67f3196823528eefdbe	0	0	0	0	0	0	0	0	0	0	0	0	0	0	0	0	0	0	0	0	1	0	0	0	0	0	0	0	0	0	0	0	0	0	0	0	0	0	0	0	0	0
43ee6acb9bf386c49a02fdf136a4a2fe	58	1	205	159	0	6	38	27	22	0	0	5	0	0	23	31	0	7	60	34	186	0	80	181	0	31	0	1	0	8	1	97	29	50	16	0	92	17	0	0	0	0
45c091359e8d579a3a337929efbeee7c	0	0	0	0	0	0	0	0	0	0	0	0	0	0	0	0	0	0	0	0	0	0	0	20	0	0	0	0	42	0	0	0	0	0	0	0	0	0	0	10	0	0
4698a8ceecc080bd9f1903877b8376bf	0	0	0	0	0	0	0	0	0	0	0	1	0	0	0	0	0	0	0	0	0	0	0	0	0	0	0	0	0	0	0	0	0	0	0	0	0	0	0	0	0	0
470bb66b447795db54845680bffc71eb	0	0	0	0	0	0	0	0	0	0	0	0	3	0	0	0	0	0	0	0	0	0	0	0	0	0	0	0	0	0	0	0	0	0	0	0	0	0	0	0	0	0
48d6f2748434d8e1c7f192497502cf04	0	0	0	0	0	0	0	0	0	0	0	0	7	0	0	0	0	0	0	0	0	0	0	0	0	0	0	0	1	0	0	0	0	0	0	0	0	0	0	0	0	0
4a5fd6a71c60ccfd3f622d92d710f0fa	1	0	1	0	0	0	0	0	0	0	3	0	1	0	0	0	1	0	0	0	0	0	5	0	0	0	0	1	0	0	0	0	0	3	1	0	1	1	1	1	0	2
4aa07736fec80d08956925f69a84193f	0	0	0	0	0	0	0	0	0	0	1	0	0	0	0	0	0	0	0	0	0	0	0	0	0	0	0	0	0	0	0	0	0	0	0	0	0	0	2	0	0	1
4b5b5f1482508c1d11fd8db3deabf675	1	36	3	1	0	0	0	0	3	2	27	3	12	1	6	7	0	0	4	0	2	0	3	0	0	0	0	0	13	1	0	9	1	3	4	0	1	0	38	17	34	0
4bda7880d796af9ccc97f4fa65126867	0	0	0	0	0	0	0	0	0	0	0	0	0	0	0	0	0	0	0	0	0	0	0	0	0	0	0	0	0	0	0	0	0	0	0	1	0	0	0	0	0	0
4c546e24f53b4fe7d85ed3ca3cb6f32f	31260	4	6922	196	0	734	48	390	110	0	0	450	0	2	713	288	0	72	1357	418	321	0	1494	1	1346	331	0	3	0	1	1	1641	236	1	1	0	2228	63	0	0	1	1
4c778b3581948480afc55d711a419cb0	0	1	1	0	13	0	0	1	0	0	0	0	0	0	0	0	0	0	15	0	0	0	0	1	0	0	6	0	0	0	0	0	0	1	0	0	0	0	4	0	0	5
4c7ec7a8ea483641bde23d25344da39b	0	0	0	0	1	0	0	0	1	0	0	0	54	0	0	0	0	0	0	0	0	0	0	0	0	0	2	1	0	0	0	0	0	0	0	1	0	0	0	2	0	0
4cf8ca2c88d96a3c75bff0a7b1d71593	831	0	0	0	0	0	0	0	0	0	0	0	134	0	0	0	0	0	0	0	0	0	0	0	0	0	0	0	0	0	0	0	0	0	0	0	0	0	0	0	0	0
4d3d66bc7695a9c7cf088772d0a8f19b	0	0	0	0	0	0	0	0	0	0	0	0	0	0	0	0	0	0	0	0	0	0	0	0	0	0	1	0	0	0	0	0	0	0	0	0	0	0	2	0	1	0
4d44de6a3a176bb46667c088efe43bf6	0	0	0	0	0	0	0	0	0	0	0	0	21	0	0	0	0	0	0	0	0	0	0	0	0	0	0	0	0	0	0	0	0	0	0	0	0	0	0	28	0	0
4d5a89e740c535fe4f5b1bd24add3e37	3	18	0	1	9	0	1	0	0	0	0	1	2276	0	63	0	0	0	0	0	0	0	0	0	0	0	43	10969	90	1	0	0	0	0	0	5827	0	0	0	28	1	0
4e0703caf232c4c0588472f41dd61b1b	0	0	0	0	0	0	0	0	0	0	0	0	0	0	0	0	0	0	0	0	0	0	0	0	0	0	0	0	0	0	0	0	0	0	0	2	0	0	0	0	0	0
4ff035d5b47ffde546e4e24ed6b365aa	214	229	86	46	77	0	154	155	56	17	0	5	133	136	27	8	196	0	77	13	71	558	25	1797	186	33	549	401	0	0	45	54	4	26	0	0	17	54	268	690	811	258
50149f1d17962df09647d575f526f789	1	0	0	0	0	0	0	0	0	0	0	0	0	0	0	0	0	0	0	0	0	0	0	0	0	0	0	0	0	0	0	0	0	0	0	0	0	0	0	0	0	0
505045760698ead319d4ff535faefeab	9	2	2	0	0	0	0	2	0	0	0	0	0	1	0	0	0	0	0	0	0	0	0	3	0	0	16	4	1	0	2	0	0	1	0	0	0	0	1	3	0	306
551ed7af5ae9fdbd18a3ec7d04db8b94	0	0	0	0	0	0	0	0	0	0	0	0	6	0	0	0	0	0	0	0	0	0	0	0	0	0	0	0	0	0	0	0	0	0	0	1	0	0	0	0	0	0
556a8129572431ad0f63471d81f5c333	0	0	0	0	0	0	0	0	0	0	0	0	3	0	0	0	0	0	0	0	0	0	0	0	0	0	0	0	0	0	0	0	0	0	0	0	0	0	0	0	0	0
55acb2c5c3ef1c0a2c83e055d57d084c	0	0	1	0	0	0	0	0	0	1	0	0	0	0	0	0	2	0	0	0	0	0	1	37	49	0	0	0	103	0	0	6	0	0	0	0	3	0	181	292	0	0
56124d34d1d7a0d0e63dda8e4e52f730	0	0	20	12	0	1	3	3	0	5	0	5	0	6	8	0	17	0	1	1	13	0	2	0	0	4	0	0	0	4	8	1	8	9	4	0	6	5	0	0	0	0
5783d6b5b2943ec62e0f42d8c31acf7a	3	60	57	0	27	0	5	1	0	15	44	0	13	0	5	0	0	0	0	0	2	38	45	6	0	6	22	3	0	0	1	1	0	3	1	31	0	12	121	69	66	2
57a0eddffd51461e1909c9211f96f0f1	1	2	0	0	0	0	0	0	0	0	0	0	0	1	0	0	0	0	0	0	0	3	0	0	0	0	0	0	0	0	0	0	0	0	0	0	0	0	16	11	0	12
5935244a7a7c88ffe7c005ba2889af25	0	0	0	0	0	0	0	0	0	0	0	0	8	0	0	0	0	0	0	0	0	0	0	0	0	0	0	0	3	0	0	0	0	0	0	0	0	0	0	21	0	0
59401186c04d6686d6c1899f9ba53242	0	0	0	0	0	0	0	0	0	0	0	0	0	0	0	0	0	0	0	0	0	0	0	0	0	0	0	0	0	0	0	0	0	0	0	0	0	0	0	0	0	9
5acc903245d239b57c3e967ced6d635b	0	0	0	0	0	0	0	0	0	0	0	0	0	0	0	0	0	0	0	0	1	0	0	0	0	0	0	0	0	0	0	0	0	0	0	0	0	0	0	0	0	0
5b487680f9b9c792e6fd59af6044c668	0	0	3	3	0	2	0	3	0	5	0	0	3	2	1	0	1	0	0	0	0	0	3	5	0	12	0	0	0	3	5	1	4	3	8	0	4	2	0	5	0	0
5d3d4b26d52971e81a33fa01fd550ee9	0	0	0	0	0	0	0	1	0	0	0	1	0	0	0	0	0	0	29	0	6	0	0	0	0	0	0	0	0	0	0	0	0	0	0	0	0	0	0	1	0	0
5d71ab0eb90660d050c867947248825c	0	0	0	0	0	0	0	0	0	0	0	0	1	0	0	0	0	0	0	0	0	0	0	0	0	0	0	0	0	0	0	0	0	0	0	0	0	0	0	0	0	0
5e449206e2d8559c19c946cdb48e26e3	0	0	612	2	0	37	9	13	0	42	0	45	0	19	84	5	7	0	43	8	13	0	66	0	0	45	0	0	0	44	13	64	11	73	51	0	109	83	0	0	0	0
5f4410fbe40474c8904bf77586ed21dc	1	0	0	0	0	0	0	0	0	0	0	0	0	0	0	0	0	0	0	0	0	0	0	0	0	0	0	0	0	0	0	0	0	0	0	0	0	0	0	0	0	0
5fd6cd94555392f800bccb5ba2eab3fe	4	0	0	0	0	0	0	0	0	0	0	0	0	0	0	0	0	0	0	0	0	0	0	0	0	0	0	0	0	0	0	0	0	0	0	0	0	0	0	0	0	1
61954a3ad2f9323dfc248b39207930a9	0	0	0	0	0	0	0	0	0	0	1	0	0	2	0	0	0	0	0	0	0	0	0	0	0	0	0	0	2	0	0	0	0	0	0	0	0	0	0	2	0	0
61ad0efd12e5df6b489dfb723c1015b9	2	0	0	0	0	0	0	0	0	0	0	0	0	0	0	0	0	0	0	0	0	0	0	0	0	0	0	0	0	0	0	0	0	0	0	0	0	0	0	0	0	0
626039314b11dfda220c9b8ce3a54098	0	4	3	0	0	0	0	0	0	0	0	0	2	2	0	13	11	92	9	0	0	0	1	1	0	1	0	1	0	1	3	0	0	0	13	0	0	3	0	1	0	0
628054a712fa1fa4e725f21388b1dc7d	0	0	0	0	0	0	0	0	0	0	0	0	0	0	0	0	0	0	0	0	0	0	0	2	0	0	0	26	0	0	0	0	0	0	0	0	0	0	0	2	0	0
62fd390fb436a4b3081d8b303233c20a	0	0	25	0	0	0	1	4	0	36	103	0	103	0	4	0	0	2	0	0	1	2502	17	50	2	8	2	18	0	0	1	0	20	7	0	12	0	0	19	2170	236	0
648771008eae710fde98d47cd8a951f6	0	0	2	0	0	0	0	0	0	0	1	0	0	0	1	0	0	0	0	0	0	0	2	0	0	0	0	0	0	0	0	0	0	4	0	0	2	0	0	0	0	0
64afe236588a2ada700cc1c7444bdc14	0	0	3	0	2	0	0	1	0	0	0	0	3	0	0	0	0	0	0	0	0	2	0	0	0	0	0	0	0	0	0	0	1	0	0	3	0	0	2	0	0	217
6558d21587085ee76dc834ef70269629	0	0	3	4	0	2	0	0	0	2	0	2	2	1	7	1	2	0	0	3	12	0	1	10	3	1	0	0	3	13	0	3	0	3	5	0	4	0	0	15	0	0
6618d764e65f6b3a080ce7da14652d68	1	3	0	0	0	0	0	0	0	0	1	0	0	0	0	0	0	0	0	0	0	0	0	2	0	0	0	0	4	0	0	0	0	0	0	0	0	0	1	32	3	0
662e2e7c79202002e7d0a6fff4cca704	0	0	0	0	0	0	0	0	0	0	0	0	0	0	0	0	0	0	0	0	0	0	0	0	0	0	0	0	0	0	0	0	0	0	0	0	0	0	0	0	0	1
6697c05d8b2b5361bba6b99050cd0179	5	6	0	0	0	0	0	0	0	0	0	0	2	0	0	0	0	0	0	0	0	276	0	2	0	0	0	0	2	0	0	0	0	0	0	0	0	0	57	35	2	78
6866b8d110b2b80b01b06fcdecb7c0c7	0	0	0	0	0	0	0	0	0	0	0	0	0	0	0	0	0	0	0	0	7	0	1	0	0	0	0	0	0	0	0	2	0	0	0	70	0	2	301	0	0	81
691f56ec60d3758cd26bf5da7df43c3d	37	61	2	1	3852	1	0	304	0	1	0	1	10	1	0	2	0	0	1	0	0	1	0	1	1	0	21581	6	0	0	0	1	0	0	2	6	0	0	7	1	54	0
692468544b4da2dcf57e2382eab28819	0	0	0	13	0	0	1	0	0	0	0	0	0	0	0	0	0	0	0	0	59	0	0	0	0	0	0	0	0	0	0	0	0	0	0	0	0	0	440	0	0	0
6a89e61c768e66ba6a34d88ce42f89d5	0	0	0	0	0	0	0	0	0	0	0	0	0	0	0	0	0	0	0	0	0	0	0	0	0	0	0	0	0	0	0	0	0	0	1	0	0	0	0	0	0	0
6aea863376d4eaef3fa32f1cc8944705	0	40012	0	5	3	6	40641	2416	1	3	0	1	3	0	8	8	11	26365	2	3441	1	3	0	6	2	4	0	7	3	0	10	2	3866	5	11	5	13	90913	0	5	4	0
6aff1511afa2404ee3f48171ee98f8a7	0	0	0	0	0	0	1	0	0	0	0	0	0	0	0	3	0	0	0	0	0	0	0	0	0	0	0	0	0	0	1	0	0	0	0	0	0	0	0	0	0	0
6b5d7d9517bdc00395b271deabf6b236	0	2602	20	24	1	27	119	81	0	3175	1	1399	9	2692	2726	1853	39	42	522	18	165	1	261	0	1	1709	0	0	0	26	2115	11	15	1510	705	0	39	63	1578	1	0	0
6bd00bdded7ec6de919c5b6d5695ba33	0	0	6	0	0	0	0	0	0	0	0	0	0	0	0	0	0	0	0	0	0	0	0	0	0	0	0	0	0	0	0	0	0	0	0	0	20	0	0	0	0	0
6c6533beb2a0c754462e945caf9bcbeb	0	0	0	0	0	0	0	0	0	0	0	0	0	0	0	0	0	0	0	0	0	0	0	0	0	0	0	0	0	0	0	0	0	0	0	121	0	0	0	0	0	0
6c8a27b691a17999fed032e60e7e20b2	0	0	0	0	0	0	0	0	0	0	0	0	0	0	0	0	0	0	0	0	0	0	0	0	0	0	0	0	0	0	0	0	0	0	0	8	0	0	0	0	0	0
6d716c5427c69a07a9e6b0a3065e7205	68	11266	3266	751	48596	69	160	424	194	1170	42	308	10	194	269	13	402	38	1386	345	526	6	1610	8470	471	672	24887	7	8191	9	201	552	371	2044	22	62	1085	59	37278	5	32	32921
6dafe83c944f190dddb5195f06963db6	0	0	2	0	0	0	0	2	0	0	0	0	0	0	0	0	0	0	0	0	0	0	0	0	0	0	0	0	0	0	0	0	1	1	0	0	0	0	0	0	0	0
6ffd22cbd4e83ca17dd1bea5ee162dac	0	0	0	0	1	0	0	0	0	0	0	0	0	0	0	0	0	0	0	0	0	0	0	0	0	0	0	0	0	0	0	0	0	0	0	0	0	0	0	0	0	0
712d654c32b01c48ea2ea4112fb8e8ba	0	1	0	0	0	0	0	0	0	0	0	0	0	0	0	0	0	0	0	0	0	1	0	0	0	0	0	0	0	0	0	0	0	0	0	0	0	0	0	0	0	0
71f5bbf4169835cf00ac99b0dc870893	0	0	0	0	0	0	0	0	0	0	0	0	0	0	0	0	0	0	0	0	0	0	1	0	0	0	0	0	0	0	0	0	0	0	0	0	0	0	0	0	0	0
72b165cafba798daa614a7bab0735795	0	0	0	0	0	0	0	0	0	0	0	0	0	0	0	0	0	0	0	0	0	0	0	1	1	0	0	0	0	0	0	0	0	0	0	0	0	0	0	1	0	0
73ab97c4b3d0ac8089a6c5e6246c42c8	0	0	1	1	0	0	0	0	0	0	0	0	0	0	0	0	1	0	0	0	0	0	1	0	0	1	0	0	0	0	0	0	0	0	0	0	1	0	0	0	0	0
73fb91e167b78bbc62554bf84e93096d	48	0	12	0	0	1	0	0	0	0	0	1	0	0	3	1	0	0	1	0	0	0	6	0	2	1	0	0	0	0	0	0	0	0	0	0	3	0	0	0	0	0
744452fe3579922fc7467392cd5062bc	0	0	0	0	0	0	0	0	0	0	0	3	0	0	0	0	0	0	0	0	0	0	0	0	0	2	0	0	0	0	0	0	0	0	1	0	0	0	0	0	0	0
74a08c7ec46e36490621087932a4b1df	0	0	0	0	0	0	0	0	0	0	0	0	0	0	0	0	0	0	0	0	0	0	0	0	0	0	0	0	0	0	0	0	0	0	0	0	0	0	0	0	0	4
74ab168f6c987b11d8fccaeeda84ed28	0	0	0	0	0	0	0	0	0	0	0	0	0	0	0	0	0	0	0	0	0	0	0	0	0	0	0	9	0	0	0	0	0	0	0	0	0	0	1	0	0	0
7543a57c2d7e7c715944840e717cecd5	0	0	0	0	0	0	0	0	0	0	0	0	0	0	0	0	0	0	0	0	0	0	0	0	1	0	0	0	0	0	0	0	0	0	0	0	0	0	0	0	0	0
75e49d0faa2a1dbdb373bfdb4c98901b	1	15	2	2	0	10	0	2	0	22	0	10	0	14	63	12	1	0	4	1	6	0	0	0	0	40	0	0	0	1	19	0	4	6	9	0	0	1	18	0	0	0
761b7b44ca978c1cb75cb0f0e9a40257	6	1	52	97	1	126	3	8	0	57	0	72	137	25	137	65	49	41	5	59	344	0	86	549	281	8	0	0	118	124	22	10	12	67	119	1	103	4	11	838	2	0
78a7198a5398b50b3e126505bb3663c4	0	0	0	0	0	0	0	0	0	0	0	0	0	0	0	0	0	0	0	0	0	0	0	0	0	0	0	0	0	0	0	0	0	0	0	40	0	0	0	0	0	0
7962d243b44c8c8141ad766b94c8f362	1	0	0	0	1	0	0	0	0	0	0	0	3	0	2	0	0	0	0	0	0	2	0	248	2	0	0	0	3	0	0	0	437	0	0	0	0	0	142	126	11	2
7a20a1a88d1904930e1f87b93a49e237	2	245	11	6	0	0	3	1	209	19	523	12	290	20	8	1	12	0	1	9	2	0	9	734	52	3	0	0	565	3	17	7	1	7	3	0	13	2	177	3188	1341	0
7b2c1a4a286d1e8494d2160591217b87	0	0	1	0	0	0	0	0	0	0	0	0	0	0	0	0	0	0	0	0	0	0	0	0	0	0	0	0	0	0	0	0	0	0	0	0	0	0	0	0	0	0
7ba47ed4d1c9e7b4d22cbc5869e1b8ab	0	0	0	0	0	0	0	0	0	0	0	0	0	0	0	1	0	0	0	0	0	0	0	0	0	0	0	0	0	0	0	0	0	0	0	9348	0	0	18	0	0	24
7c8e4649317448b8fd4ab480e371f254	0	0	0	0	0	0	0	0	0	0	0	3	0	0	23	0	0	0	0	0	0	0	1	0	0	3	0	0	0	0	0	0	0	0	0	1	0	0	0	0	0	0
7de1921d8eddf01107e9d68d3472bfdb	0	0	0	0	1	0	0	0	0	0	0	0	2	0	0	0	0	0	0	0	0	0	0	0	0	0	0	5	0	0	0	0	0	0	0	1	0	0	0	0	0	0
7f2f9053d672e619ea40a73527cc4546	13477	12749	10486	3665	4	4365	1535	811	4312	2532	13175	4952	43509	23208	21382	5378	4738	144	6151	3121	5330	13	8169	37	14556	7787	2	22	0	934	12618	5348	1847	18197	8821	11	11866	1280	3	17	58028	9
7f42b92304c2fdf6954891cc9fa0cf30	0	0	0	0	2	0	0	1	0	0	0	0	0	0	0	0	0	0	0	0	0	0	0	0	0	0	21	0	0	0	0	0	0	0	0	0	0	0	0	0	0	0
7f696e39a0f8863a374ebfcd947d2340	1867	12830	33	1	1	2	9	31	813	14	319	16	936	92	74	6	22	0	102	15	7	0	33	646	426	6	0	3	1128	4	29	164	34	32	0	4	9	1	808	10122	1496	0
81fd1c36367ad9863116257767319634	0	2	0	2	0	8	0	127	0	52	0	44	281	15	55	34	5	18	140	37	3	0	0	0	0	156	0	0	4	38	37	99	131	171	139	0	2	8	0	0	0	0
824bba577a55732c46943bf7bfd160e4	0	0	0	0	0	0	0	0	0	0	0	0	0	0	0	0	0	0	0	0	0	0	0	0	0	0	0	0	0	0	0	0	0	0	0	1	0	0	0	0	0	2
82890eb6bd51a7fbf8070fce11302922	0	0	8	0	0	0	0	0	0	7	5	0	14	0	0	0	0	0	0	0	0	16	20	1	1	0	0	5	0	0	0	0	0	4	0	0	0	0	718	3	0	0
82e22e051185e77956e978b218e2bec6	1	0	0	0	0	0	2	3	4	0	0	0	0	0	0	0	0	0	0	0	0	1	0	2	1	0	4	0	0	0	0	0	0	0	0	0	0	0	2	4	2	5
836d435483c9812b120c2dbbacdf75c1	0	93	3603	50	0	472	1486	1175	0	222	1	1539	1738	160	1571	1148	4	304	2194	106	588	0	491	2	1	2977	0	2	0	276	111	2427	683	1001	4975	0	1789	1685	0	1	0	0
85a1e63ecaf79b533d8763608379fe3f	0	0	7	0	0	0	0	1	0	0	0	0	0	0	0	0	0	0	0	0	0	0	8	0	0	0	0	0	0	0	0	2	6	3	0	0	2	0	2	206	0	0
85d740a59de7df9b5a8916891177d1a0	0	575	491	58	0	95	123	79	415	109	160	35	245	150	111	80	126	61	115	1	100	0	235	921	608	120	0	0	2238	14	63	90	168	246	109	0	205	68	64	0	0	0
862f7123aed8c5ef588ad7360dc73a98	0	0	0	0	0	0	0	0	0	0	0	0	0	0	0	0	0	0	0	0	0	0	0	0	0	0	0	0	0	0	0	0	0	0	0	2	0	0	0	0	0	0
8688da16e8d162cb65706962854106dc	0	0	0	0	3	0	0	0	0	0	0	0	1	0	0	0	0	0	0	0	0	0	0	0	0	0	2	0	0	0	0	0	0	0	0	0	0	0	0	0	0	0
86f27dba1006cb1eea530a72d9b68e3e	0	7	0	0	0	0	0	0	2	1	43	0	29	0	1	0	0	0	1	3	0	0	0	25	0	0	0	0	0	0	0	6	0	0	0	1614	1	9	125	76	5	0
8704d9b5610c7ff2de00e93ae5c1361b	56	0	0	0	0	0	0	0	0	0	0	0	0	0	0	0	0	0	0	0	0	0	0	0	0	0	0	0	0	0	0	0	0	0	0	0	0	0	0	0	0	0
8777be07d7302149971d2d7ffd39b82d	0	0	0	0	0	0	0	0	0	0	0	0	0	0	0	0	0	0	0	0	0	0	0	1	0	0	0	0	0	0	0	0	0	0	0	0	0	0	0	0	0	0
87ba98e7bec4a2c28ce17580c9661836	0	0	0	0	0	0	0	0	0	0	0	0	2	0	0	0	0	0	0	0	0	1	0	0	0	0	0	0	0	0	0	0	0	0	0	0	1	0	2	0	0	0
87dc7989832e72127506049e5e560456	1	0	0	0	1	0	0	0	0	0	0	0	3	0	0	0	0	0	0	0	0	0	0	0	0	0	10	0	0	0	0	0	0	0	0	10	0	0	0	0	0	0
8837b8eae033dd53cdf8f1969667921f	0	0	0	0	0	0	0	0	0	0	0	0	0	0	0	0	0	0	0	0	0	0	0	0	0	0	0	0	0	0	0	0	0	0	0	0	0	0	7	0	0	0
886b6888a30949b445eee779d8a04a01	0	0	0	0	0	0	0	0	0	0	0	0	0	0	0	0	0	0	0	0	0	0	0	1	0	0	0	0	0	0	0	0	0	0	0	0	0	0	1	6	0	0
886f5d0143e166e5646c50f9b771eb55	0	0	0	0	0	0	0	0	0	0	0	0	0	0	0	0	0	52	0	0	0	0	0	0	0	0	0	0	0	0	0	0	0	0	0	0	0	0	0	0	0	0
893584c1d064c864a99f90409392e175	2	0	0	0	0	0	0	0	0	0	0	0	1	0	0	0	0	0	0	0	0	0	0	0	0	0	0	0	0	0	0	0	0	0	0	0	0	0	0	0	0	0
8aed623595e952ae790a735e5dac6d0f	0	0	0	0	0	0	0	0	0	0	0	0	0	0	0	0	0	0	0	0	0	0	0	0	0	0	0	1	0	0	0	0	0	1	0	0	0	0	1	0	0	1
8afdd52cfba285f16dc4f8d909b687cd	0	1	2	0	0	0	0	0	0	0	0	0	0	0	4	0	0	0	0	0	0	0	0	0	0	0	0	0	0	0	0	0	0	0	0	0	0	0	0	0	0	0
8b28f153e28eb396b8d04b1a108f458b	0	0	0	0	0	0	1	0	0	0	0	0	0	0	0	0	0	0	0	0	0	0	0	0	0	0	0	0	0	0	0	0	0	0	0	0	0	0	0	0	0	0
8be937d3d09dbf58c0e28039b4e812ec	0	0	0	0	0	0	0	0	0	0	0	0	0	0	0	0	0	0	0	0	0	0	0	0	0	0	2	0	0	0	0	0	0	0	0	0	0	0	0	0	0	0
8c0f2df61a68d3d5dea8e060a728cbf6	0	0	0	0	0	0	0	0	0	0	0	0	1	0	0	0	0	0	0	0	0	0	0	12	0	0	0	0	8	0	0	0	0	0	0	0	0	0	0	0	0	0
8cc93a095178cdd35bc9a7ffeaf0a9c0	0	1	3	0	0	0	0	0	0	0	0	0	0	0	0	0	0	0	0	0	0	0	0	1	0	0	0	0	0	0	0	0	0	0	0	0	0	0	0	1	0	0
8da8def50394355232798c61358d9d81	0	0	0	0	0	0	0	0	0	0	0	0	6	0	0	0	0	0	0	0	0	0	0	0	0	0	0	0	0	0	0	0	0	0	0	4	0	0	0	0	0	0
8e20b56c8f2bfb13c1b83687c53e20b2	0	0	0	0	0	0	0	1	0	0	0	0	0	0	0	0	0	1	0	0	1	0	0	0	0	1	0	0	0	0	0	0	4	0	0	0	0	0	0	0	0	0
8e36846affd82ca0049fce0ee0d5abfb	0	3	0	0	0	0	0	0	0	0	0	0	0	0	0	0	0	0	0	0	0	0	0	1	0	0	0	0	0	0	0	0	2	0	0	0	0	0	0	0	0	13
8e5d9e69623b33ae274a0978ec0b8517	0	0	5	0	0	0	0	0	0	0	0	0	0	0	0	0	0	0	0	0	0	0	0	0	0	0	0	0	0	0	0	0	0	0	0	0	0	0	0	0	0	0
8e768175a62fdda321c3e75b79d3d10e	0	0	0	0	2	0	0	0	0	0	0	0	0	0	0	0	0	0	0	0	0	0	0	0	0	0	1	0	0	0	0	0	0	0	0	1	0	0	0	0	0	0
8ee06717ab451c2acfa150ec2446bfc4	0	0	0	0	0	0	0	0	0	0	0	0	0	0	0	0	1	0	0	0	0	0	0	2	0	0	0	0	0	0	0	0	0	0	0	0	0	0	0	3	0	0
8f2b1f2dddd1c2df8615e0e674ac5634	0	0	0	0	0	0	0	0	0	0	0	0	0	0	0	0	0	0	0	0	0	0	0	0	0	0	0	0	0	0	0	0	0	0	0	3	0	0	0	0	0	0
901d8ed2db3df4a849784c0539dee341	0	0	0	0	0	0	0	0	0	0	0	0	0	0	0	0	0	0	0	0	0	0	0	0	0	0	0	0	0	0	0	0	0	0	0	0	0	0	0	0	3	0
90ac5152156a19ff1111a3b72feaccb9	0	0	0	12	0	0	0	38	0	0	0	0	0	0	0	0	0	1	0	0	44	1	0	0	0	0	0	0	0	0	0	0	1	0	0	0	0	0	0	0	0	0
90fe766416543b3abc7035af2e3e8920	0	0	0	0	0	0	0	0	0	0	0	0	0	0	0	0	0	0	0	0	0	2	0	0	0	0	0	0	0	0	0	0	0	0	0	0	0	0	0	0	0	0
91ccf38e4cb9444ef2c4b7023a8ed6f8	14	0	0	0	372	0	1	0	3	2	66	0	966	0	1	0	0	0	0	0	0	0	0	3	2	0	798	3	1	0	0	0	0	0	0	1	0	0	0	128	9	0
91f2746472a331580e4b014eda21acd8	1	4	19	0	8	0	0	2	0	9	0	4	3	1	12	0	0	2	0	0	0	2	11	0	0	39	134	160	1	0	1	0	0	2	1	4	1	2	622	0	0	36
92231be8abff8119f569d56bbd35dbe3	0	0	0	0	0	0	0	0	0	0	0	0	0	0	0	0	0	0	0	0	0	0	0	0	0	0	0	0	0	0	0	0	0	0	0	11	0	0	0	0	0	1
92b4a0f2f321b4b0bef7412afb426cc1	10	0	168	0	3	2	0	20	0	14	3	1	16	2	0	0	0	10	0	0	0	45	109	2	0	17	156	46	7	0	2	1	61	23	11	38	54	13	833	0	0	11
939cb49beeba52fcf2adde275cb8b9c0	0	0	0	0	0	0	0	0	0	0	0	0	0	0	0	0	0	0	0	0	0	0	0	0	0	0	0	0	0	0	0	0	0	0	0	0	0	0	0	0	0	1
93c5c7061e12daa8bc7757bd75e8f740	0	0	0	0	0	0	0	0	0	0	0	0	0	0	0	0	0	0	0	0	0	0	0	0	0	0	0	0	0	0	0	3	0	0	1	0	0	0	0	0	0	0
94f475b5006bc6db58a194308ea05ed9	0	0	0	0	0	0	0	0	0	0	0	0	0	0	0	0	0	0	0	0	0	0	0	0	0	0	1	0	0	0	0	0	0	0	0	0	0	0	2	0	0	0
969caa45f84960d6aeb4bd7e00b1d85c	0	0	0	0	0	0	0	0	0	0	0	0	0	0	0	0	0	0	0	0	0	0	0	2	0	0	0	0	0	0	0	0	1	0	0	0	0	0	0	0	0	0
976326c8a9cc9c1b57cc7babe30715f8	0	7	2	1	36	0	0	0	0	0	0	0	0	0	1	0	0	0	1	0	1	0	1	7	0	0	13	0	5	0	0	1	0	1	0	1	0	0	19	0	0	33
97f89ac664746c6df0831b4216693d68	0	0	0	0	0	0	0	0	0	0	0	0	0	0	0	0	0	0	0	0	0	0	0	0	0	0	0	0	0	0	0	0	0	0	0	0	0	0	5	0	0	2
9877682e82910f862b9f6a00a8451737	1	0	0	0	0	0	135	1	718	0	0	0	268	0	0	0	0	0	45	0	1	996	0	0	0	0	0	25669	0	0	0	44	0	0	0	0	1	4	839	1	676	0
9a84d9844cfe0b2bd966490ed527d63d	0	0	0	0	0	0	0	0	0	0	0	0	0	0	0	0	0	0	0	0	0	0	0	1	0	0	0	0	0	0	0	0	0	0	0	0	0	0	0	8	0	0
9a9a12e8fba56be7a2fa43e9e7d47f4c	670	641	1	3	1	1	40	0	209	1	1	11	643	72	3	0	16	0	0	2	8	18510	0	131	2	0	1	2378	131	1	2	2	20	4	0	4	1	0	12662	5747	146	47638
9a9eee1f2d7da98dd638830583ca681e	0	0	0	0	0	0	0	0	0	0	0	0	0	0	0	0	0	0	0	0	0	0	0	0	0	0	0	0	0	1	1	0	0	0	0	0	0	0	0	0	0	0
9b4bba5c017f12d300196bd9c55917e3	0	0	0	0	0	0	0	0	0	0	0	0	0	0	0	0	0	0	0	0	0	0	0	0	0	0	0	0	0	0	0	0	0	0	0	0	0	0	0	0	0	1
9be18674966c4a43cb5186f5908143ca	0	0	0	0	0	0	0	0	0	0	0	0	0	0	0	0	0	0	0	0	0	0	0	0	0	0	0	0	0	0	0	0	0	0	0	0	0	0	0	1	0	0
9c9b2305916715fd18d7c5b3e6781afe	0	0	0	0	0	0	0	0	0	0	1	0	0	0	0	0	0	0	0	0	0	0	0	0	0	0	0	0	0	0	0	0	0	0	0	0	0	0	0	0	0	0
9cabb895acc6c0d0abfb1c025c05bcbf	0	1	0	0	0	0	0	0	0	0	0	0	0	0	0	0	0	0	0	0	0	0	0	0	0	0	0	0	0	0	0	0	0	0	0	0	0	0	6	1	0	16
9cbeb2643b880f3ad15a4bf0423b946b	0	1	1	0	0	0	0	0	0	0	0	1	0	0	2	2	0	0	0	0	0	0	0	0	0	3	0	0	0	0	0	0	0	0	0	0	0	0	0	1	0	0
9db101f0bbcce5778617594b04eb8d9f	0	1	0	0	0	0	0	0	0	0	0	0	0	0	0	0	0	0	0	0	0	0	0	0	0	0	0	0	0	0	0	0	0	0	0	1	0	0	0	0	0	0
9f608117cf8f1a9907ad9349af8b8ea0	8	5	6	3	2	0	7	8	12	0	0	0	0	1	2	1	1	0	0	0	1	6	0	49	9	1	12	0	0	0	1	0	0	1	0	0	0	1	21	43	28	15
9f819ed41ca3656d4bc9c2fc9e5d1c4f	43	16	126	0	3	12	0	71	0	6	42	2	33	13	5	10	8	4	0	0	2	1	222	0	2	22	0	248	28	3	29	1	53	60	26	10	62	14	47	3	22	127
a07b1387c945270bd71ea741affa7579	96	178	0	0	355	1	0	0	13	0	0	0	10511	0	20	0	0	0	1	3	0	1	0	0	0	0	936	0	1	1	0	0	0	0	0	1792	0	0	23	87	14	0
a09493fb6cedb9346b51959081339526	2	0	0	0	0	0	0	0	0	0	0	0	0	0	0	0	0	0	0	0	0	0	0	0	0	0	0	0	0	0	0	0	0	0	0	0	0	0	0	0	0	0
a25098460c8c486573b42ffb33dce0aa	0	0	0	0	1	0	0	0	0	0	0	0	1	0	0	0	0	0	0	0	0	0	0	0	0	0	1	0	0	0	0	0	0	0	0	0	0	0	0	0	0	0
a26edef6955445763c08030b12b8ec36	0	15523	13248	794	3	7256	3787	4834	3	4191	1	2582	3463	7712	4713	2434	784	2020	4144	502	774	1	2285	4	8	5360	0	3	0	773	2422	1732	7424	5948	4534	2	3370	1881	134	1	2	3
a49c5c781ea1fd072df134cd6c87503c	0	0	0	0	0	0	0	0	0	0	0	0	0	0	0	0	0	0	0	0	0	0	0	0	0	0	0	0	0	0	0	0	0	1	0	0	0	0	0	0	0	0
a60578c079a320513729d84e1b104d3c	8	0	0	0	0	0	0	0	0	0	0	0	0	0	0	0	0	0	0	0	0	0	0	0	0	0	0	0	0	0	0	0	0	0	0	0	0	0	0	0	0	0
a67a52d3604c06accbcbdc0f91805d98	20	0	0	0	0	0	0	0	0	0	0	0	6	0	0	0	0	0	0	0	0	1	0	0	0	0	0	0	0	0	0	0	0	0	0	0	0	0	0	0	0	0
a6f9741c4e247a5705020aa58dc70127	0	0	0	2	0	0	6	0	0	0	0	0	7	1	0	0	2	0	0	0	2	63	0	0	0	0	0	0	0	0	0	2	0	0	0	0	0	1	0	0	0	0
a74fd43302f6c2d34ae33cddd502d9bc	0	0	0	0	0	0	0	0	0	0	0	0	0	0	0	0	1	0	0	0	0	0	0	0	0	0	0	0	0	0	0	0	0	0	0	0	0	0	0	0	0	0
a83806580b762036d16df15435d07df5	0	0	0	0	0	0	0	0	0	0	0	0	0	0	0	0	0	0	0	0	0	0	0	0	0	0	0	0	0	0	0	0	0	1	0	0	0	0	0	0	0	0
a85740db9519fe58cd206d51bfce6b00	0	10	0	0	0	3	0	0	1	0	0	0	0	0	0	0	0	0	0	0	1	0	0	0	0	0	0	0	0	1	0	0	0	0	5	0	0	1	0	0	0	0
a9008321801a31cb6135c72876ef9cde	0	0	0	0	0	0	0	0	0	0	0	0	0	0	0	0	0	0	0	0	0	0	0	0	0	0	0	6	0	0	0	0	0	0	0	0	0	0	0	0	0	0
a97c0488fab4bf0af54c02bef27b05be	0	0	0	0	0	0	1	0	0	0	0	0	0	0	0	0	0	0	0	0	0	0	0	0	0	0	0	1	0	0	0	0	0	0	0	0	0	0	0	0	0	0
a9d23ac948b3f08073177fe120267279	0	0	0	0	1	0	0	0	0	0	0	0	1	0	0	0	0	0	0	0	0	0	0	0	0	0	0	0	0	0	0	0	0	0	0	0	0	0	0	0	0	0
aa4e5543b25ee17fd8c2f423dbe24466	0	0	0	0	0	0	0	0	0	0	0	0	0	0	0	0	0	0	0	0	0	0	0	0	0	0	17	0	0	0	0	0	0	0	2	0	0	0	0	0	0	0
aa7080c717f3ac34b8461c3bd4a795a3	0	0	0	0	0	0	4	0	0	0	0	0	0	0	0	0	0	0	0	0	0	0	0	0	0	0	0	0	0	0	0	0	0	0	0	0	0	0	0	0	0	0
aaedfc3b1e2fedc25cd36eb90130619e	0	0	0	0	0	0	0	0	0	0	0	0	0	0	0	0	0	0	0	0	0	0	0	0	0	0	0	0	0	0	0	0	0	0	0	0	0	0	1	0	0	8
ab48b28d837d70d510f6afbed8f6b9f6	1	1	0	0	0	0	0	0	0	0	0	0	1	0	0	0	0	0	0	0	0	0	0	0	0	0	0	0	0	0	0	0	0	0	0	0	0	0	0	3	0	0
ac903b9245d9dddc7d2969bdc41ddaa4	530	0	165	3	0	0	1	1	0	0	0	0	0	0	0	4	1	0	23	0	1	0	29	1	68	0	0	0	2	0	0	17	1	0	0	0	49	0	0	0	0	0
ae321d615d0820ce23fbb8417a40e5eb	0	0	0	0	0	0	0	0	0	0	0	0	0	0	0	0	0	0	0	0	0	0	0	0	0	0	0	0	0	0	0	0	0	0	0	0	0	0	0	2	1	0
aec77093256cc7dc8ac3069c9bb48eda	0	0	0	0	0	0	0	0	0	0	0	0	0	0	0	0	0	0	0	0	0	0	0	0	0	0	0	0	0	0	0	0	0	0	0	0	0	0	0	0	2	0
affdc5ba4acce4ebd6e0590b6127da99	0	0	13	0	0	0	0	0	0	0	0	0	0	0	0	0	0	0	0	0	0	0	5	0	0	0	0	0	0	0	0	0	0	0	0	0	6	0	0	0	0	0
b11acdf14785c4094f775c9b8528c721	4	0	0	0	0	0	0	0	0	0	0	0	0	0	0	0	0	0	0	0	0	0	0	0	0	0	0	0	0	0	0	0	0	0	0	0	0	0	0	0	0	0
b1399ffb11384b5953eb211e5f82ea5e	0	0	0	0	0	0	0	0	0	0	0	0	12	0	0	0	0	0	0	0	0	0	0	0	0	0	0	0	0	0	0	0	0	0	0	1	0	0	0	0	0	0
b1d762fb928aee962c72b3f25404b155	0	0	0	0	0	0	0	0	0	0	0	0	0	0	0	0	0	0	0	0	0	0	0	0	0	0	0	0	0	0	2	10	0	0	0	0	0	0	0	0	0	0
b2c8b5b8ed339030aa2c1445d59c585e	0	0	1	0	0	0	0	0	0	0	0	0	0	0	0	0	0	0	0	0	0	0	1	0	0	0	0	0	0	0	0	0	0	0	0	0	0	0	0	0	0	0
b2fbe4feb681afed83daf10ec8eecfc5	0	70	19	0	0	0	0	0	0	3	0	0	0	4	2	0	1	0	3	1	1	0	0	6	0	3	0	0	0	0	0	2	0	2	0	0	1	1	15	10	42	0
b33a15b348e1c4f1412bae7863b188c8	0	0	0	0	0	0	0	0	0	0	0	0	0	0	1	0	0	0	0	0	0	0	0	0	0	0	0	0	0	0	0	0	0	0	0	0	0	0	0	0	0	0
b459346302631e31c4fbe8c26b6bf041	0	0	0	0	0	0	59	0	9	0	0	0	0	0	0	0	0	0	0	1	0	0	0	0	0	0	0	0	0	0	0	0	0	0	0	0	0	0	0	0	0	0
b513c3cf86e184b7b2f5852152c3ca50	0	31	0	0	0	74	999	22	0	694	0	1304	3241	93	840	0	16	2	104	61	0	0	0	1	1	145	0	0	0	19	197	13	10	2650	201	0	0	347	0	0	0	0
b72b73feb2518dbe5d06f60c0c0680d5	0	0	0	0	0	0	0	0	0	0	0	0	0	0	0	0	0	0	0	0	0	0	0	1	0	0	0	0	0	0	0	0	0	0	0	0	0	0	0	0	0	0
b734653e047f82d428c3bd8c94809fc2	4	0	38	1	0	2	0	4	4	21	0	0	0	22	10	85	7	1	0	3	4	0	24	0	16	4	0	0	0	0	12	5	2	7	0	0	22	0	0	0	0	0
b734b11c164c4634b1590b3b393488f4	0	0	0	0	0	0	0	0	0	0	0	0	0	0	0	0	0	0	0	0	0	0	0	0	1	0	0	0	0	0	0	0	0	0	0	1	0	0	1	2	0	0
b7758fb9038a92fa32c3a9d311425f44	1	0	0	0	0	0	0	0	0	0	0	0	0	0	0	0	0	0	0	0	0	0	0	0	0	0	0	0	0	0	0	0	0	0	0	0	0	0	0	0	0	0
b8088b6d2d44502156307e8aca9c5cf3	0	0	0	0	0	0	0	1	0	0	0	0	0	0	0	0	0	0	0	0	0	0	0	0	0	0	0	0	0	0	0	0	0	0	0	0	0	0	0	0	0	0
b83e35b822dc1182fd8302daa1758954	0	0	0	104	0	0	7	278	36	0	0	226	0	0	381	0	19	153	310	42	129	0	0	0	179	209	2	0	0	0	1	280	604	99	0	0	0	5	0	0	0	0
b88825654b1e59c7c59d0a06bb268aa0	0	0	0	0	0	0	0	0	0	0	0	0	0	0	0	0	0	0	0	0	0	0	0	0	0	0	0	0	0	0	0	0	0	0	0	26	0	0	0	0	0	0
b8f858ae9a5735050d558956614f9e25	0	0	0	0	0	0	0	0	0	0	0	0	0	0	0	0	0	0	3	0	0	0	0	0	0	0	0	0	0	0	0	4	0	0	0	0	0	0	0	0	0	0
b91a33af208438fbe6325ceb0b61bfe4	0	0	0	0	0	0	3	1	0	0	0	0	1	0	0	0	0	0	0	0	0	0	0	0	0	0	0	0	0	0	0	0	0	0	0	0	0	0	1	0	0	0
b9d1e6e437dbdde0847c87c20d16d0c1	0	0	0	0	0	0	0	0	0	0	0	0	2	0	0	0	0	0	0	0	0	0	0	0	0	0	0	0	0	0	0	0	0	0	0	0	0	0	0	0	0	0
ba1d2b0e7bfb861cbc2a446488327ce1	8843	261	0	0	0	0	0	0	0	0	0	0	6	0	0	0	0	0	0	0	0	0	0	0	0	0	0	0	0	0	0	0	0	0	0	1	0	0	0	0	0	1
ba73e2fb31f703e62b13b3a4ce5874f2	0	0	0	0	0	0	0	0	0	0	0	0	0	0	0	0	0	0	0	0	0	0	0	0	0	0	0	0	0	0	0	0	0	0	0	0	0	0	0	0	0	1
bab0cac78efea9180cf338d8e79cc041	4	0	0	0	0	0	0	0	0	0	0	0	16	0	0	0	0	0	0	0	0	0	0	0	0	0	0	0	1	0	0	0	0	0	0	0	0	0	0	8	0	0
bafd85d4f0768e103989241ec7e67b8f	0	227	0	0	0	0	0	0	35	0	0	0	0	0	0	0	0	0	0	0	0	19	0	4	69	0	0	51	236	0	0	0	0	0	0	152	0	0	0	0	0	0
bd063ebe7afa160cc64497940dcbfb88	0	0	0	0	0	0	0	0	0	0	0	0	0	0	0	0	0	0	0	0	0	0	0	0	0	0	0	0	0	0	0	0	0	0	0	0	0	0	1	0	0	0
bef25640e3665e838356b0acd677ef3f	0	0	0	0	0	0	0	0	0	0	0	0	0	0	0	0	0	0	0	0	0	0	0	2	0	0	0	0	0	0	0	0	0	0	0	0	0	0	0	0	0	0
bf21f9f9482e4d449825423d7faa4843	8	2	0	0	7	0	0	0	0	0	0	0	30	0	0	0	0	0	0	0	0	0	0	0	0	0	26	0	0	0	0	0	0	0	0	2	0	0	0	0	0	0
bf2db85a2a065a3bc0379d704248565e	1	0	0	0	0	0	0	0	0	0	0	0	0	0	0	0	0	0	0	0	0	0	0	0	0	0	0	0	0	0	0	0	0	0	0	0	0	0	0	0	0	0
bff8a0d3977f86a83fe19ac98b1b2770	0	0	0	0	0	0	0	0	0	0	0	0	0	0	0	0	0	1	0	0	0	0	0	0	0	0	0	0	0	0	0	0	0	0	0	0	0	0	0	0	0	0
c022911f40de88fdda4102475de31c88	0	0	0	0	0	0	0	0	0	0	0	0	0	0	0	0	0	0	1	0	0	0	0	0	0	0	0	0	0	0	0	0	0	0	0	0	0	0	0	0	0	0
c15ec819f4725b4556aca4da1a56b821	3	0	0	0	0	0	0	0	0	0	0	0	14	0	0	0	0	0	0	0	0	0	0	0	0	0	0	382	0	0	0	0	0	0	0	0	0	0	0	2	0	0
c16b499cfca110f6e06a7c4823ab5194	0	0	0	2328	1	496	0	1	1	1027	89	0	1	0	1	453	1	0	1784	11	2158	0	0	0	3	2	0	0	0	483	2	1032	0	1	0	0	0	0	0	0	0	0
c2c949084c934a7c16f3db8a95f62e14	0	0	0	0	0	0	0	0	1	0	0	0	0	0	0	0	1	0	0	0	0	0	0	0	0	0	0	0	0	0	0	0	0	0	0	0	0	0	0	0	0	0
c30c91fe2457a31e5078b387b3653a5f	0	0	0	0	0	0	0	0	0	0	0	0	0	0	0	0	0	0	0	0	0	0	0	0	0	0	1	0	0	0	0	0	0	0	0	0	0	0	0	0	0	0
c35f84ec99e541de07efe7075942268e	0	1	0	0	0	0	0	0	0	0	0	0	0	0	0	0	0	0	0	0	0	6	0	0	0	0	0	1	0	0	0	0	0	0	0	0	0	0	5	1	0	21
c3c9bbe54a247d67560957d4800e6c02	0	0	0	0	0	0	0	0	0	0	3	0	0	0	0	0	0	0	0	0	0	0	0	0	1	0	1	1	0	0	0	0	1	0	0	0	0	0	0	0	0	0
c635dd09aed47658e8647d297faa1d9b	0	1	1	0	0	8	0	0	0	20	0	0	376	0	0	1	0	0	1133	0	0	0	0	0	0	3	0	0	0	40	0	1254	0	0	248	0	0	1	0	0	0	0
c7d367b4aa6ff20f5d2f363436cfd962	0	0	0	0	2	0	0	0	0	0	0	0	0	0	3	0	0	0	0	0	0	0	0	0	0	0	4	0	0	0	0	0	0	0	0	0	0	0	0	0	0	0
c7eb4e7788f5e1aeb465f54bc72790f5	0	0	1	17	0	0	0	11	0	0	0	2	0	17	14	7	33	4	2	1	29	0	0	0	1	4	0	0	0	2	13	3	5	2	4	0	0	0	0	0	0	0
cb9226cb1f07efde25b5b1e1a1a8511d	0	1	0	0	0	0	1	0	0	0	0	0	0	1	0	0	0	0	0	0	0	0	3	0	0	0	3	22	0	0	0	0	0	0	0	0	0	0	11	0	0	3
cc46cf25c9275c6f7bea97f6517c32c6	0	0	0	0	0	0	0	0	0	0	0	0	0	0	0	0	0	0	0	0	0	0	0	0	0	0	0	0	0	0	0	0	0	0	0	0	0	0	0	1	0	0
cd1fec6f68c3adea3bc26c8be93a2f20	0	0	0	0	0	0	0	0	0	0	0	0	0	0	0	0	0	0	0	0	2	0	0	223	0	0	1	0	0	0	0	0	0	0	0	0	0	0	0	2	36	0
cdddcded9a2847330f88a240feef0ed7	0	0	0	0	0	0	0	0	0	0	194	1	0	0	0	0	0	0	0	0	0	0	0	0	0	0	0	0	0	0	0	0	0	0	0	0	0	0	0	0	620	0
cf2ef81488dd14225448bffb8e8ae3ba	0	0	11	0	0	0	0	0	0	4	0	0	0	0	0	0	0	0	0	0	0	0	0	0	0	0	0	0	0	0	0	2	0	0	0	0	0	1	0	0	0	0
cf61ecb82b4d6c8fa2b89c68e4d4382c	0	0	0	0	0	0	0	0	0	0	0	0	0	0	0	0	0	0	0	0	0	0	0	0	0	0	0	0	0	0	0	0	0	0	0	0	0	0	0	0	0	1
d0c62b2312dafb51eb556abfea626bb2	0	0	0	0	0	0	0	0	0	0	0	0	1	0	0	0	0	0	0	0	0	0	0	0	0	0	0	0	0	0	0	0	0	0	0	0	0	0	0	0	0	0
d0f8a753f02ac69267bd189dc634e071	0	6	0	0	0	0	0	0	0	0	0	0	1	0	0	0	0	0	0	0	0	0	0	5	1	0	0	0	0	0	0	0	2	0	0	0	0	0	2	11	0	0
d2a20c9fa0fe6548d9cc6d52b29dcaf1	185	0	0	0	407	0	0	0	0	0	0	2	0	1	0	0	2	0	0	0	9	1	0	890	0	0	2247	0	0	0	1	0	0	0	0	0	0	0	180	3650	1468	0
d2bb3b9da137e8fe10439ad3ad4332d7	2	0	0	0	0	0	0	0	0	0	0	0	6	0	0	0	0	0	0	0	0	0	0	0	0	0	0	0	0	0	0	0	0	0	0	0	0	0	0	0	0	0
d30fa3245c9ccc9154ddc0a7782920fc	0	0	0	0	0	0	0	0	0	0	0	0	0	0	0	0	0	0	0	0	0	0	0	0	0	0	0	0	0	0	0	0	0	0	0	1	0	0	0	0	0	0
d391f06b9468c1cf82cb93852fa7b3e6	10	0	0	0	0	0	0	0	0	0	0	0	0	0	0	0	0	0	0	0	0	0	0	0	0	0	1	0	0	0	0	0	0	0	0	0	0	0	0	0	0	0
d3dd94dcd70e53e5c59a06e73b20d531	6	0	0	0	0	0	0	0	0	0	0	0	0	0	0	0	0	0	0	0	0	0	0	0	0	0	0	0	0	0	0	0	0	0	0	238	0	0	0	0	25	0
d3f6372eb0463dde0a42979d80c023b4	0	3	0	0	0	0	0	4	0	0	0	0	12	0	15	0	0	0	0	0	0	1	0	0	0	0	4	26	0	0	0	0	0	0	0	0	0	0	0	7	0	0
d4a9557ceea38514ca14013966728689	0	0	0	0	0	0	0	0	0	0	0	0	0	0	0	0	0	0	0	0	0	0	0	1	0	0	0	42	0	0	0	0	0	0	0	0	0	0	0	0	0	0
d54f28c6ab4c39fcb1257388e7fd4b24	0	0	0	0	0	0	0	0	0	0	0	0	0	0	0	0	0	0	0	0	0	0	0	0	0	0	0	0	0	0	0	0	0	0	1	0	0	0	0	0	0	0
d592fbfc2098d7a0163c7c03f102dbad	0	0	126	84	0	17	79	110	0	107	0	154	0	138	150	55	284	8	45	50	175	1	74	0	0	60	0	0	0	43	203	28	178	148	170	0	96	83	0	0	0	0
d5b22eedc0fe5e47a68b6e2fc7644222	0	0	0	0	0	0	0	0	0	0	0	0	0	0	0	0	0	0	0	0	0	0	0	0	0	0	1	0	0	0	0	0	0	0	0	0	0	0	0	0	0	0
d5fc3e7df25cc7a9e007eb6336421158	0	0	0	0	0	0	0	0	0	0	0	0	0	0	0	0	0	0	0	0	0	0	4	0	0	0	0	0	0	0	0	0	0	0	0	0	0	0	0	0	0	0
d791a16d6b039eee1a3851a2a4030612	0	0	0	0	0	0	0	0	0	0	0	0	0	0	0	0	0	0	0	0	0	0	0	1	0	0	0	0	0	0	0	0	0	0	0	0	0	0	0	0	0	0
d9230a8f707c26134b4cc6589c359e14	0	0	0	0	0	0	0	0	0	0	0	0	0	0	0	0	0	0	0	0	0	0	0	0	0	0	0	0	0	0	0	0	0	0	0	0	0	0	0	0	0	1
d997cc2fc60626d70792396afde10197	4	0	0	0	0	0	0	0	0	0	0	0	0	0	0	0	0	0	0	0	0	0	0	0	0	0	0	0	0	0	0	0	0	0	0	0	0	0	0	0	0	0
da63af87ca34fb95531e9cc60f8dfa91	0	0	0	0	0	0	0	0	0	0	0	0	0	0	0	0	0	0	0	0	0	0	0	0	3	0	0	0	0	0	0	0	0	0	0	0	0	0	1	0	0	0
db5dc944be643cea343f1ddf7ac1df6a	0	0	0	0	0	0	0	0	0	0	0	0	0	0	0	0	0	0	0	0	0	1	0	0	0	0	0	0	0	0	0	0	0	0	0	0	0	0	2	0	0	1
db8d1a4f589c15d04db3fb23a172173e	0	0	0	0	1	0	0	0	0	0	0	0	0	0	0	0	0	0	0	0	0	0	0	0	0	0	0	0	0	0	0	0	0	0	0	0	0	0	0	0	0	0
dc51a3766b55604e53516532fe841624	0	0	0	0	1	0	0	0	0	0	0	0	0	0	0	0	0	0	0	0	0	0	0	0	0	0	0	0	0	0	0	0	0	0	0	0	0	0	0	0	0	0
dcc9edfe68111237c47ded827d93814e	0	0	1	2	0	0	0	0	0	0	0	0	0	0	0	0	0	0	0	0	14	0	0	0	0	1	0	0	0	0	0	0	0	0	3	0	0	0	0	0	0	0
de1d62bccfab024a9a61474361679b36	0	0	0	0	0	0	0	0	0	6	0	0	0	0	2	0	2	0	0	0	0	0	0	0	0	0	0	0	0	1	0	3	0	0	2	0	0	0	0	0	0	0
df420958612e46205085c282b0a50b5e	0	0	0	0	0	0	0	0	0	0	1	0	0	0	0	0	0	0	0	0	0	0	0	0	0	0	0	0	0	0	0	0	0	0	0	0	0	0	0	0	0	0
e0df6df7404b87b6e23c84e47427dbba	0	0	0	0	0	0	0	0	0	0	0	0	3	0	0	0	0	0	0	0	0	0	0	0	0	0	0	0	0	0	0	0	0	0	0	0	0	0	0	0	0	0
e142dab751bd2c4fa424dfa95399cc6d	2	0	0	0	0	0	0	0	0	0	2	2	0	0	0	0	0	0	0	0	2	0	0	0	0	0	0	0	0	0	0	0	0	0	0	0	0	0	0	0	0	0
e1653e3b245f365ba7cb32159eef6a5a	0	0	0	0	0	0	0	0	0	0	0	0	0	0	0	0	0	0	0	0	0	0	0	0	0	0	0	0	0	0	0	0	0	0	0	0	0	0	33	1	0	0
e18327b8c474063ed603dc700ea1eb81	0	0	0	0	0	0	0	0	0	0	0	0	1	0	0	0	0	0	0	0	0	0	0	0	0	0	0	10	0	0	0	0	0	0	0	3	0	0	0	0	0	0
e27624808bfee9cfc95d975957c68034	0	0	0	0	4	0	0	0	0	0	0	0	0	0	0	0	0	0	0	0	0	0	0	0	0	0	0	0	0	0	1	0	0	0	1	0	0	0	62	0	0	0
e32203af04196939f17c98176fcac1ca	0	0	0	0	0	0	0	0	0	0	0	0	0	0	0	0	0	0	0	0	0	1	0	0	0	0	0	0	0	0	0	0	0	0	0	0	0	0	1	0	0	0
e3314f43ab08bf705f8ade9c759ae912	1	0	0	0	0	0	0	0	0	1	0	0	0	0	0	0	0	0	0	0	0	0	2	0	0	0	0	0	0	0	0	0	0	0	0	0	0	0	1	0	0	0
e40c5455bc21394879b947fa9ccca57d	0	8	149	0	0	0	0	0	0	0	0	10	0	0	1	0	0	0	1	0	0	1	0	0	1	0	0	0	0	0	0	0	0	0	0	0	0	0	0	0	0	0
e51fe414d7d7070a616921409b099f0b	0	0	0	0	0	0	0	0	0	0	0	0	0	0	0	0	0	0	0	0	0	0	0	0	0	0	0	0	0	0	0	0	0	0	0	0	0	0	0	1	0	0
e5ab216548fe360b6a2906e9ebdaddf1	0	0	0	0	0	0	0	0	0	0	0	0	0	0	0	0	0	0	0	0	0	0	0	0	0	0	0	0	0	0	0	0	0	0	0	0	0	0	20	0	0	0
e5c56b4fbf301b4dddc7eb82baa6c264	7	4650	4	3	0	1	1	25	3	5	0	3	18	6	5	1	0	6	3	0	0	0	0	0	4	2	0	0	0	0	3	1	11	1	1	3	8	0	0	0	6	0
e760c96f2d28d105cdb402e2be924516	0	0	0	0	0	2	0	0	0	0	0	0	0	0	0	0	0	0	0	0	0	0	0	0	0	0	0	0	0	0	0	0	0	0	0	0	0	0	0	0	0	0
e8623de59f6226e4df9b6f5138131440	0	1	34	1	0	266	1	3	13	49	2	0	1	433	0	15	238	2	701	78	14	0	9	0	1	1	0	1	0	45	533	714	6	31	222	9	35	1	0	0	9	0
e9bcaff73de9b81edfad72e005e70572	0	0	0	0	0	0	0	0	0	0	0	0	0	0	0	0	0	0	0	0	0	0	0	1	0	0	0	0	0	0	0	0	0	0	0	0	0	0	0	3	0	0
eb5e7442cdfdb6e57f6287dc5b626444	2	0	20	1	0	0	2	1	0	7	8	0	0	14	2	2	5	0	3	1	0	0	5	295	18	1	0	0	120	0	12	4	1	1	0	0	0	0	1	1642	2	0
ec2aa27e7a05a9c1c4244d46858dc545	0	0	0	0	0	0	0	0	0	0	0	0	0	0	0	0	0	0	0	0	0	0	0	0	0	0	0	0	0	0	0	0	0	0	0	1	0	0	0	0	0	0
ec83561954f7a26c089603ea237402fb	0	0	0	0	0	0	0	0	0	0	0	0	2	0	0	0	0	0	0	0	0	0	0	0	0	0	0	0	0	0	0	0	0	0	0	0	0	0	0	0	0	0
ed3304c316698fc1fd1191f01fec7b8a	4	0	12	0	0	5	4	12	7	3	18	0	0	3	2	0	3	0	2331	4	3	0	27	0	15	0	0	0	0	3	5	1259	6	0	5	0	19	1	0	1	2	0
edbad93ab90ed18d22178acaf98e6a3c	134	0	48	34	0	8	1	1	14	30	47	1	1	59	7	6	41	0	12	3	21	0	8	238	180	3	0	0	267	1	35	13	1	6	6	0	21	0	21	557	0	0
edbc42c9e349fec50b74dbac924267ee	2	3	2595	90	4	21	94	153	171	277	1	102	0	498	677	389	26	43	371	93	299	1	748	2	265	294	4	0	2	2	308	987	151	391	6	0	527	18	3	0	0	13
eddbbb0bb989cbb70f1cd88c6ed3ccb8	88	20533	160	647	3	3381	364	292	3206	955	74	18	336	3739	57	1462	736	54	89	186	1097	0	114	14	124	62	0	21	0	823	3044	85	167	5832	6704	1	127	339	3	15	355	0
ef4a094509712fd0cfc55ad01549d076	0	0	0	0	0	0	0	0	0	0	0	0	0	0	0	0	1	0	0	0	0	0	0	0	0	0	0	0	0	0	0	0	0	0	0	0	0	0	0	0	0	0
f36a7e393241bdcae0b54c51265ddd91	1	0	0	0	0	0	0	0	0	0	0	0	0	0	0	0	0	0	0	0	0	0	0	0	0	0	0	0	0	0	0	0	0	0	0	0	0	0	1	0	0	0
f48f152f219093a8dec420d2ad3b08d2	0	0	0	0	0	0	0	0	0	0	0	0	0	0	0	0	0	0	0	0	0	10	0	0	0	0	0	1	0	0	0	0	0	0	0	0	0	0	5	5	0	11
f60587c79550b208af9acad5bb883f7b	0	0	0	0	0	0	177	0	245	0	0	0	0	0	1	1	0	0	0	14	0	0	0	1330	1	0	0	0	45	1	1	1	0	1	1	0	0	75	0	0	0	0
f68500c8fd8d50012548aab4d5c79d87	0	0	0	0	0	0	0	0	0	0	0	0	0	0	0	0	0	0	0	0	3	0	0	0	0	0	0	0	0	0	0	0	0	0	0	1	0	0	0	0	0	0
f7806cfc1c9e7e626576a9ec76c79264	0	0	1	0	0	0	0	0	0	0	0	2	0	0	0	0	0	0	0	0	0	0	0	0	0	0	0	0	0	0	0	0	0	0	0	0	0	0	0	0	0	0
f80f1f9abfb1fed26379082bb77fc2b7	0	1569	1028	41	0	0	1	12	0	0	0	19	0	573	6	0	607	29	344	8	259	0	395	15	378	29	0	0	0	0	392	242	110	0	0	0	663	0	5119	0	0	0
f81852fda517e5fc5a2db6f415828fda	22	0	0	0	0	0	0	19	0	0	0	0	9	0	0	1	0	0	0	0	0	0	0	0	0	0	0	0	0	0	0	0	0	0	0	3	0	0	0	0	0	0
f993f18806a13e122d52f08f6a5c2a01	0	0	0	0	0	0	0	0	0	0	0	0	0	0	0	0	0	0	0	0	0	0	0	1	0	0	0	4	0	0	0	0	0	0	0	0	0	0	0	0	0	0
f9acdcbc34028b15197d160e9ee60daf	0	0	10	0	0	5	262	0	0	47	0	6	2	0	2	15	0	2	329	17	2	0	1	0	0	10	0	0	0	0	2	7	0	4	25	0	8	303	0	0	0	0
f9b6d65d11381bdd4aa60095d123917e	0	59	0	0	0	0	17	1	0	0	0	0	0	0	0	0	0	10	0	4	0	0	0	0	0	0	0	0	0	0	0	1	2	0	0	0	0	78	0	0	0	0
f9f00bd5bd61c67f050095f4d489f22c	0	0	0	0	0	3	0	0	0	1	0	0	0	0	68	1	0	0	0	0	14	0	0	0	0	1	0	0	0	0	0	0	0	0	0	0	1	0	0	0	0	0
fa69e919104591378c2b931bbe1d94cd	0	0	698	40	0	0	1	539	1	144	0	53	0	0	29	46	0	191	0	58	131	0	0	0	0	137	0	0	0	61	0	0	330	0	545	0	370	12	1848	0	0	0
fcf27b04945a673d1564e335d4fee62b	0	0	0	0	0	0	0	0	0	0	0	0	0	0	0	0	0	0	0	0	0	0	0	0	0	0	0	1	0	0	0	0	0	0	0	0	0	0	0	0	0	0
fd2dd865186de98658bdec2afc6464ae	0	0	0	0	0	0	0	0	0	0	0	0	8	0	0	0	0	0	0	0	0	0	0	0	0	0	0	0	0	0	0	0	0	0	0	0	0	0	0	1	0	0
fe76d889e433bc2e31bc915f39fe818e	0	0	0	0	0	0	0	1	0	0	0	0	0	0	0	0	0	0	0	0	0	0	0	0	0	0	0	0	0	0	0	0	0	0	0	0	0	0	4	0	0	0
fee300e0f479f9419ed2ba57cf3ca555	4	25	3	0	6	0	16	16	2	1	0	0	8	3	1	1	7	0	2	1	1	16	0	219	1	3	110	0	0	0	1	5	0	2	0	0	1	3	20	202	172	17
